
Full training and prediction histories:

              precision    recall  f1-score   support

          AA       0.00      0.00      0.00         6
       AFRAM       0.55      0.25      0.34        24
       AMSTU       0.88      0.81      0.85        27
       ANTHR       0.91      0.72      0.81        29
       ARCHA       1.00      0.75      0.86         4
         ART       0.00      0.00      0.00         0
       ARTHS       0.94      0.70      0.80        23
        ARTP       0.71      0.41      0.52        29
        ASAM       0.00      0.00      0.00         1
         BIO       0.95      0.76      0.84       140
        BIOE       1.00      0.02      0.03        59
        BIOL       0.00      0.00      0.00         0
          CE       0.85      0.88      0.86        32
        CHEM       0.85      0.87      0.86        39
       CHEME       0.90      0.95      0.92        73
       CHILT       0.00      0.00      0.00         2
       CHINE       0.00      0.00      0.00         2
       CLASS       0.82      0.43      0.56        21
       COMMU       0.82      0.91      0.86        54
       CPLIT       0.78      0.82      0.80        17
      CRWRIT       0.00      0.00      0.00         2
          CS       0.86      0.90      0.88       823
        CSRE       0.28      0.31      0.29        16
       EASST       0.00      0.00      0.00         9
       EASYS       0.75      0.92      0.83        90
        ECON       0.82      0.89      0.85       156
          ED       0.00      0.00      0.00         0
          EE       0.83      0.88      0.86       138
        ENGL       0.75      0.80      0.78       100
        ENGR       0.64      0.86      0.73       285
       ENVSE       0.00      0.00      0.00        21
         ERE       0.67      0.80      0.73         5
        FGSS       1.00      0.10      0.18        10
        FILM       0.62      0.50      0.55        16
       FRENC       0.33      0.38      0.35         8
       GEOPH       1.00      0.60      0.75         5
       GERST       0.00      0.00      0.00         1
         GES       0.80      0.67      0.73         6
      GLBLST       0.00      0.00      0.00         2
          GS       0.00      0.00      0.00         3
       HSTRY       0.80      0.84      0.82        75
       HUMBI       0.83      0.97      0.89       261
       IDMEN       0.00      0.00      0.00        10
          IE       0.00      0.00      0.00         0
        ILAC       1.00      0.25      0.40         4
       INSST       0.00      0.00      0.00         1
       INTLR       0.75      0.77      0.76       114
        ITAL       0.00      0.00      0.00         3
       JAPAN       0.00      0.00      0.00         1
        LING       0.78      0.50      0.61        14
       MATCS       0.74      0.77      0.76       102
        MATH       0.69      0.59      0.64        64
       MATSC       1.00      0.79      0.88        19
          ME       0.92      0.85      0.89       185
       MGTSC       0.90      0.78      0.83       178
      MODLAN       0.00      0.00      0.00         2
       MUSIC       0.50      0.72      0.59        18
       NATAM       1.00      0.50      0.67         2
       PHILO       0.73      0.73      0.73        30
       PHREL       1.00      0.29      0.44         7
        PHYS       0.77      0.87      0.82        75
       POLSC       0.79      0.69      0.73       118
       PSYCH       0.78      0.85      0.81       121
       PUBPO       0.79      0.71      0.75        58
       RELST       0.00      0.00      0.00         2
        SLAV       0.50      0.20      0.29         5
       SOCIO       0.69      0.50      0.58        18
        SPAN       0.00      0.00      0.00         2
         STS       0.78      0.82      0.80       165
       SYMBO       0.76      0.76      0.76       174
       THPST       0.77      0.59      0.67        17
       URBST       0.77      0.77      0.77        22

    accuracy                           0.80      4145
   macro avg       0.56      0.47      0.49      4145
weighted avg       0.80      0.80      0.78      4145


Forecasting, training and predicting on first 15:
          AA       0.00      0.00      0.00         6
       AFRAM       0.38      0.33      0.36        24
       AMSTU       0.40      0.07      0.12        27
       ANTHR       0.25      0.03      0.06        29
       ARCHA       1.00      0.25      0.40         4
         ART       0.00      0.00      0.00         0
       ARTHS       0.67      0.09      0.15        23
        ARTP       0.00      0.00      0.00        29
        ASAM       0.00      0.00      0.00         1
         BIO       0.34      0.49      0.40       140
        BIOE       0.00      0.00      0.00        59
        BIOL       0.00      0.00      0.00         0
          CE       0.40      0.38      0.39        32
        CHEM       0.62      0.26      0.36        39
       CHEME       0.60      0.67      0.63        73
       CHILT       0.00      0.00      0.00         2
       CHINE       0.00      0.00      0.00         2
       CLASS       0.80      0.19      0.31        21
       COMMU       0.42      0.26      0.32        54
       CPLIT       0.00      0.00      0.00        17
      CRWRIT       0.00      0.00      0.00         2
          CS       0.63      0.73      0.68       823
        CSRE       0.44      0.25      0.32        16
       EASST       0.00      0.00      0.00         9
       EASYS       0.51      0.51      0.51        90
        ECON       0.37      0.74      0.50       156
          EE       0.46      0.39      0.42       138
        ENGL       0.47      0.50      0.49       100
        ENGR       0.34      0.38      0.36       285
       ENVSE       0.00      0.00      0.00        21
         ERE       0.50      0.20      0.29         5
        FGSS       0.00      0.00      0.00        10
        FILM       0.33      0.12      0.18        16
       FRENC       0.25      0.12      0.17         8
       GEOPH       0.00      0.00      0.00         5
       GERST       0.00      0.00      0.00         1
         GES       1.00      0.17      0.29         6
      GLBLST       0.00      0.00      0.00         2
          GS       0.00      0.00      0.00         3
       HSTRY       0.32      0.28      0.30        75
       HUMBI       0.39      0.65      0.49       261
       IDMEN       0.00      0.00      0.00        10
          IE       0.00      0.00      0.00         0
        ILAC       0.00      0.00      0.00         4
       INSST       0.00      0.00      0.00         1
       INTLR       0.26      0.32      0.29       114
        ITAL       0.00      0.00      0.00         3
       JAPAN       0.00      0.00      0.00         1
        LING       0.60      0.21      0.32        14
       MATCS       0.36      0.24      0.29       102
        MATH       0.71      0.47      0.57        64
       MATSC       0.50      0.26      0.34        19
          ME       0.45      0.42      0.43       185
       MGTSC       0.48      0.31      0.38       178
      MODLAN       0.00      0.00      0.00         2
       MUSIC       0.37      0.56      0.44        18
       NATAM       0.00      0.00      0.00         2
       PHILO       0.39      0.23      0.29        30
       PHREL       0.00      0.00      0.00         7
        PHYS       0.54      0.69      0.60        75
       POLSC       0.43      0.31      0.36       118
       PSYCH       0.37      0.49      0.42       121
       PUBPO       0.17      0.14      0.15        58
       RELST       0.00      0.00      0.00         2
        SLAV       0.00      0.00      0.00         5
       SOCIO       0.11      0.06      0.07        18
        SPAN       0.00      0.00      0.00         2
         STS       0.37      0.36      0.37       165
       SYMBO       0.37      0.30      0.33       174
       THPST       0.67      0.35      0.46        17
       URBST       0.25      0.09      0.13        22

    accuracy                           0.45      4145
   macro avg       0.27      0.20      0.21      4145
weighted avg       0.44      0.45      0.43      4145


Full training, forecast on 5:
precision    recall  f1-score   support

AA       0.00      0.00      0.00         6
AFRAM       0.00      0.00      0.00        24
AMSTU       0.00      0.00      0.00        27
ANTHR       1.00      0.03      0.07        29
ARCHA       0.00      0.00      0.00         4
ART       0.00      0.00      0.00         0
ARTHS       0.00      0.00      0.00        23
ARTP       0.00      0.00      0.00        29
ASAM       0.00      0.00      0.00         1
BIO       0.00      0.00      0.00       140
BIOE       0.00      0.00      0.00        59
BIOL       0.00      0.00      0.00         0
CE       0.00      0.00      0.00        32
CHEM       0.00      0.00      0.00        39
CHEME       0.00      0.00      0.00        73
CHILT       0.00      0.00      0.00         2
CHINE       0.00      0.00      0.00         2
CLASS       0.00      0.00      0.00        21
COMMU       0.00      0.00      0.00        54
CPLIT       0.00      0.00      0.00        17
CRWRIT       0.00      0.00      0.00         2
CS       0.36      0.27      0.31       823
CSRE       0.00      0.00      0.00        16
EASST       0.00      0.00      0.00         9
EASYS       0.29      0.26      0.27        90
ECON       0.05      0.50      0.10       156
EE       0.30      0.12      0.18       138
ENGL       0.06      0.21      0.09       100
ENGR       0.27      0.01      0.02       285
ENVSE       0.00      0.00      0.00        21
ERE       0.00      0.00      0.00         5
FGSS       0.00      0.00      0.00        10
FILM       0.00      0.00      0.00        16
FRENC       0.00      0.00      0.00         8
GEOPH       0.00      0.00      0.00         5
GERST       0.00      0.00      0.00         1
GES       0.00      0.00      0.00         6
GLBLST       0.00      0.00      0.00         2
GS       0.00      0.00      0.00         3
HSTRY       0.15      0.05      0.08        75
HUMBI       0.19      0.22      0.20       261
IDMEN       0.00      0.00      0.00        10
IE       0.00      0.00      0.00         0
ILAC       0.00      0.00      0.00         4
INSST       0.00      0.00      0.00         1
INTLR       0.14      0.06      0.08       114
ITAL       0.00      0.00      0.00         3
JAPAN       0.00      0.00      0.00         1
LING       0.00      0.00      0.00        14
MATCS       0.00      0.00      0.00       102
MATH       0.00      0.00      0.00        64
MATSC       0.00      0.00      0.00        19
ME       0.33      0.03      0.05       185
MGTSC       0.00      0.00      0.00       178
MODLAN       0.00      0.00      0.00         2
MUSIC       1.00      0.06      0.11        18
NATAM       0.00      0.00      0.00         2
PHILO       0.00      0.00      0.00        30
PHREL       0.00      0.00      0.00         7
PHYS       0.39      0.24      0.30        75
POLSC       0.21      0.08      0.11       118
PSYCH       0.06      0.44      0.10       121
PUBPO       0.50      0.03      0.06        58
RELST       0.00      0.00      0.00         2
SLAV       0.00      0.00      0.00         5
SOCIO       0.00      0.00      0.00        18
SPAN       0.00      0.00      0.00         2
STS       1.00      0.01      0.02       165
SYMBO       0.28      0.03      0.05       174
THPST       0.00      0.00      0.00        17
URBST       0.00      0.00      0.00        22

accuracy                           0.13      4145
macro avg       0.09      0.04      0.03      4145
weighted avg       0.23      0.13      0.11      4145


Full training, forecast on 10:
precision    recall  f1-score   support

AA       0.00      0.00      0.00         6
AFRAM       0.00      0.00      0.00        24
AMSTU       1.00      0.04      0.07        27
ANTHR       1.00      0.03      0.07        29
ARCHA       0.00      0.00      0.00         4
ART       0.00      0.00      0.00         0
ARTHS       0.00      0.00      0.00        23
ARTP       0.00      0.00      0.00        29
ASAM       0.00      0.00      0.00         1
BIO       0.00      0.00      0.00       140
BIOE       0.00      0.00      0.00        59
BIOL       0.00      0.00      0.00         0
CE       0.00      0.00      0.00        32
CHEM       0.33      0.03      0.05        39
CHEME       0.65      0.23      0.34        73
CHILT       0.00      0.00      0.00         2
CHINE       0.00      0.00      0.00         2
CLASS       0.00      0.00      0.00        21
COMMU       0.71      0.09      0.16        54
CPLIT       0.00      0.00      0.00        17
CRWRIT       0.00      0.00      0.00         2
CS       0.41      0.47      0.44       823
CSRE       1.00      0.06      0.12        16
EASST       0.00      0.00      0.00         9
EASYS       0.22      0.32      0.26        90
ECON       0.08      0.52      0.15       156
EE       0.30      0.24      0.27       138
ENGL       0.14      0.32      0.19       100
ENGR       0.19      0.07      0.11       285
ENVSE       0.00      0.00      0.00        21
ERE       0.00      0.00      0.00         5
FGSS       0.00      0.00      0.00        10
FILM       0.00      0.00      0.00        16
FRENC       0.00      0.00      0.00         8
GEOPH       0.00      0.00      0.00         5
GERST       0.00      0.00      0.00         1
GES       0.00      0.00      0.00         6
GLBLST       0.00      0.00      0.00         2
GS       0.00      0.00      0.00         3
HSTRY       0.19      0.16      0.17        75
HUMBI       0.19      0.33      0.24       261
IDMEN       0.00      0.00      0.00        10
IE       0.00      0.00      0.00         0
ILAC       0.00      0.00      0.00         4
INSST       0.00      0.00      0.00         1
INTLR       0.19      0.17      0.18       114
ITAL       0.00      0.00      0.00         3
JAPAN       0.00      0.00      0.00         1
LING       1.00      0.07      0.13        14
MATCS       0.33      0.01      0.02       102
MATH       0.50      0.03      0.06        64
MATSC       0.00      0.00      0.00        19
ME       0.36      0.04      0.08       185
MGTSC       0.00      0.00      0.00       178
MODLAN       0.00      0.00      0.00         2
MUSIC       0.56      0.28      0.37        18
NATAM       0.00      0.00      0.00         2
PHILO       0.60      0.10      0.17        30
PHREL       0.00      0.00      0.00         7
PHYS       0.42      0.55      0.47        75
POLSC       0.21      0.19      0.20       118
PSYCH       0.10      0.45      0.16       121
PUBPO       0.08      0.02      0.03        58
RELST       0.00      0.00      0.00         2
SLAV       0.00      0.00      0.00         5
SOCIO       0.00      0.00      0.00        18
SPAN       0.00      0.00      0.00         2
STS       0.51      0.13      0.21       165
SYMBO       0.15      0.03      0.06       174
THPST       0.00      0.00      0.00        17
URBST       0.00      0.00      0.00        22

accuracy                           0.21      4145
macro avg       0.16      0.07      0.07      4145
weighted avg       0.26      0.21      0.19      4145


Full training, forecast on 15:
precision    recall  f1-score   support

AA       0.00      0.00      0.00         6
AFRAM       1.00      0.12      0.22        24
AMSTU       1.00      0.07      0.14        27
ANTHR       0.75      0.10      0.18        29
ARCHA       0.00      0.00      0.00         4
ART       0.00      0.00      0.00         0
ARTHS       0.00      0.00      0.00        23
ARTP       0.00      0.00      0.00        29
ASAM       0.00      0.00      0.00         1
BIO       0.50      0.01      0.01       140
BIOE       0.00      0.00      0.00        59
BIOL       0.00      0.00      0.00         0
CE       0.40      0.06      0.11        32
CHEM       0.33      0.10      0.16        39
CHEME       0.66      0.63      0.64        73
CHILT       0.00      0.00      0.00         2
CHINE       0.00      0.00      0.00         2
CLASS       0.75      0.14      0.24        21
COMMU       0.43      0.17      0.24        54
CPLIT       0.00      0.00      0.00        17
CRWRIT       0.00      0.00      0.00         2
CS       0.49      0.64      0.55       823
CSRE       1.00      0.06      0.12        16
EASST       0.00      0.00      0.00         9
EASYS       0.28      0.47      0.35        90
ECON       0.14      0.53      0.22       156
EE       0.38      0.35      0.36       138
ENGL       0.23      0.47      0.31       100
ENGR       0.20      0.14      0.17       285
ENVSE       0.00      0.00      0.00        21
ERE       0.00      0.00      0.00         5
FGSS       0.00      0.00      0.00        10
FILM       0.25      0.06      0.10        16
FRENC       0.00      0.00      0.00         8
GEOPH       0.00      0.00      0.00         5
GERST       0.00      0.00      0.00         1
GES       0.00      0.00      0.00         6
GLBLST       0.00      0.00      0.00         2
GS       0.00      0.00      0.00         3
HSTRY       0.20      0.16      0.18        75
HUMBI       0.27      0.39      0.32       261
IDMEN       0.00      0.00      0.00        10
ILAC       0.00      0.00      0.00         4
INSST       0.00      0.00      0.00         1
INTLR       0.25      0.29      0.27       114
ITAL       0.00      0.00      0.00         3
JAPAN       0.00      0.00      0.00         1
LING       0.50      0.07      0.12        14
MATCS       0.36      0.10      0.15       102
MATH       0.80      0.12      0.22        64
MATSC       0.00      0.00      0.00        19
ME       0.47      0.11      0.18       185
MGTSC       0.75      0.03      0.06       178
MODLAN       0.00      0.00      0.00         2
MUSIC       0.31      0.28      0.29        18
NATAM       0.00      0.00      0.00         2
PHILO       0.38      0.17      0.23        30
PHREL       0.00      0.00      0.00         7
PHYS       0.38      0.68      0.49        75
POLSC       0.33      0.37      0.35       118
PSYCH       0.14      0.50      0.22       121
PUBPO       0.12      0.09      0.10        58
RELST       0.00      0.00      0.00         2
SLAV       0.00      0.00      0.00         5
SOCIO       0.00      0.00      0.00        18
SPAN       0.00      0.00      0.00         2
STS       0.55      0.20      0.29       165
SYMBO       0.34      0.16      0.21       174
THPST       0.00      0.00      0.00        17
URBST       0.33      0.09      0.14        22

accuracy                           0.31      4145
macro avg       0.22      0.11      0.11      4145
weighted avg       0.37      0.31      0.28      4145


Full training, forecast on 20:
precision    recall  f1-score   support

AA       0.00      0.00      0.00         6
AFRAM       0.57      0.17      0.26        24
AMSTU       0.67      0.22      0.33        27
ANTHR       0.78      0.24      0.37        29
ARCHA       0.00      0.00      0.00         4
ART       0.00      0.00      0.00         0
ARTHS       1.00      0.04      0.08        23
ARTP       0.00      0.00      0.00        29
ASAM       0.00      0.00      0.00         1
BIO       0.88      0.05      0.09       140
BIOE       0.00      0.00      0.00        59
BIOL       0.00      0.00      0.00         0
CE       0.88      0.22      0.35        32
CHEM       0.34      0.26      0.29        39
CHEME       0.59      0.73      0.65        73
CHILT       0.00      0.00      0.00         2
CHINE       0.00      0.00      0.00         2
CLASS       0.75      0.14      0.24        21
COMMU       0.68      0.46      0.55        54
CPLIT       0.00      0.00      0.00        17
CRWRIT       0.00      0.00      0.00         2
CS       0.61      0.74      0.67       823
CSRE       1.00      0.12      0.22        16
EASST       0.00      0.00      0.00         9
EASYS       0.37      0.76      0.49        90
ECON       0.26      0.63      0.37       156
ED       0.00      0.00      0.00         0
EE       0.60      0.68      0.64       138
ENGL       0.32      0.61      0.42       100
ENGR       0.30      0.33      0.32       285
ENVSE       0.00      0.00      0.00        21
ERE       0.00      0.00      0.00         5
FGSS       0.00      0.00      0.00        10
FILM       0.57      0.25      0.35        16
FRENC       0.17      0.12      0.14         8
GEOPH       0.00      0.00      0.00         5
GERST       0.00      0.00      0.00         1
GES       0.00      0.00      0.00         6
GLBLST       0.00      0.00      0.00         2
GS       0.00      0.00      0.00         3
HSTRY       0.29      0.24      0.26        75
HUMBI       0.47      0.60      0.53       261
IDMEN       0.00      0.00      0.00        10
IE       0.00      0.00      0.00         0
ILAC       0.00      0.00      0.00         4
INSST       0.00      0.00      0.00         1
INTLR       0.39      0.47      0.43       114
ITAL       0.00      0.00      0.00         3
JAPAN       0.00      0.00      0.00         1
LING       0.67      0.14      0.24        14
MATCS       0.65      0.29      0.41       102
MATH       0.95      0.30      0.45        64
MATSC       0.75      0.16      0.26        19
ME       0.59      0.23      0.33       185
MGTSC       0.88      0.12      0.21       178
MODLAN       0.00      0.00      0.00         2
MUSIC       0.27      0.33      0.30        18
NATAM       0.00      0.00      0.00         2
PHILO       0.47      0.27      0.34        30
PHREL       0.00      0.00      0.00         7
PHYS       0.42      0.80      0.55        75
POLSC       0.44      0.51      0.47       118
PSYCH       0.22      0.62      0.33       121
PUBPO       0.20      0.19      0.19        58
RELST       0.00      0.00      0.00         2
SLAV       0.00      0.00      0.00         5
SOCIO       0.50      0.11      0.18        18
SPAN       0.00      0.00      0.00         2
STS       0.66      0.37      0.47       165
SYMBO       0.45      0.31      0.37       174
THPST       1.00      0.12      0.21        17
URBST       0.62      0.23      0.33        22

accuracy                           0.45      4145
macro avg       0.31      0.18      0.19      4145
weighted avg       0.51      0.45      0.42      4145


Forecasting, training and predicting on first 30:
precision    recall  f1-score   support

AA       0.00      0.00      0.00         6
AFRAM       0.80      0.17      0.28        24
AMSTU       1.00      0.59      0.74        27
ANTHR       0.87      0.45      0.59        29
ARCHA       1.00      0.50      0.67         4
ART       0.00      0.00      0.00         0
ARTHS       1.00      0.22      0.36        23
ARTP       0.00      0.00      0.00        29
ASAM       0.00      0.00      0.00         1
BIO       0.87      0.34      0.48       140
BIOE       0.00      0.00      0.00        59
BIOL       0.00      0.00      0.00         0
CE       0.86      0.59      0.70        32
CHEM       0.46      0.62      0.53        39
CHEME       0.79      0.89      0.84        73
CHILT       0.00      0.00      0.00         2
CHINE       0.00      0.00      0.00         2
CLASS       0.67      0.29      0.40        21
COMMU       0.73      0.74      0.73        54
CPLIT       0.60      0.18      0.27        17
CRWRIT       0.00      0.00      0.00         2
CS       0.77      0.85      0.81       823
CSRE       0.67      0.12      0.21        16
EASST       0.00      0.00      0.00         9
EASYS       0.57      0.84      0.68        90
ECON       0.53      0.76      0.63       156
ED       0.00      0.00      0.00         0
EE       0.78      0.89      0.83       138
ENGL       0.56      0.75      0.64       100
ENGR       0.45      0.71      0.55       285
ENVSE       0.00      0.00      0.00        21
ERE       0.50      0.20      0.29         5
FGSS       0.00      0.00      0.00        10
FILM       0.90      0.56      0.69        16
FRENC       0.11      0.12      0.12         8
GEOPH       0.00      0.00      0.00         5
GERST       0.00      0.00      0.00         1
GES       1.00      0.50      0.67         6
GLBLST       0.00      0.00      0.00         2
GS       0.00      0.00      0.00         3
HSTRY       0.72      0.55      0.62        75
HUMBI       0.68      0.95      0.80       261
IDMEN       0.00      0.00      0.00        10
IE       0.00      0.00      0.00         0
ILAC       0.00      0.00      0.00         4
INSST       0.00      0.00      0.00         1
INTLR       0.51      0.67      0.58       114
ITAL       0.00      0.00      0.00         3
JAPAN       0.00      0.00      0.00         1
LING       0.50      0.14      0.22        14
MATCS       0.67      0.55      0.61       102
MATH       0.75      0.47      0.58        64
MATSC       1.00      0.47      0.64        19
ME       0.78      0.51      0.62       185
MGTSC       0.91      0.54      0.68       178
MODLAN       0.00      0.00      0.00         2
MUSIC       0.41      0.67      0.51        18
NATAM       1.00      0.50      0.67         2
PHILO       0.61      0.57      0.59        30
PHREL       0.00      0.00      0.00         7
PHYS       0.60      0.79      0.68        75
POLSC       0.57      0.58      0.57       118
PSYCH       0.50      0.78      0.61       121
PUBPO       0.36      0.41      0.39        58
RELST       0.00      0.00      0.00         2
SLAV       0.00      0.00      0.00         5
SOCIO       0.62      0.28      0.38        18
SPAN       0.00      0.00      0.00         2
STS       0.67      0.59      0.63       165
SYMBO       0.66      0.53      0.59       174
THPST       0.80      0.24      0.36        17
URBST       0.77      0.45      0.57        22

accuracy                           0.65      4145
macro avg       0.43      0.32      0.34      4145
weighted avg       0.65      0.65      0.63      4145


Forecasting, training and predicting on first 40:
precision    recall  f1-score   support

AA       0.00      0.00      0.00         6
AFRAM       0.75      0.12      0.21        24
AMSTU       0.92      0.81      0.86        27
ANTHR       0.89      0.55      0.68        29
ARCHA       1.00      0.75      0.86         4
ART       0.00      0.00      0.00         0
ARTHS       0.93      0.57      0.70        23
ARTP       0.57      0.14      0.22        29
ASAM       0.00      0.00      0.00         1
BIO       0.93      0.56      0.70       140
BIOE       0.00      0.00      0.00        59
BIOL       0.00      0.00      0.00         0
CE       0.83      0.75      0.79        32
CHEM       0.62      0.72      0.67        39
CHEME       0.87      0.90      0.89        73
CHILT       0.00      0.00      0.00         2
CHINE       0.00      0.00      0.00         2
CLASS       0.83      0.48      0.61        21
COMMU       0.81      0.85      0.83        54
CPLIT       0.78      0.41      0.54        17
CRWRIT       0.00      0.00      0.00         2
CS       0.83      0.89      0.86       823
CSRE       0.50      0.19      0.27        16
EASST       0.00      0.00      0.00         9
EASYS       0.69      0.90      0.78        90
ECON       0.73      0.80      0.76       156
ED       0.00      0.00      0.00         0
EE       0.82      0.91      0.86       138
ENGL       0.73      0.78      0.75       100
ENGR       0.55      0.83      0.66       285
ENVSE       0.00      0.00      0.00        21
ERE       0.80      0.80      0.80         5
FGSS       0.00      0.00      0.00        10
FILM       0.62      0.50      0.55        16
FRENC       0.29      0.25      0.27         8
GEOPH       1.00      0.20      0.33         5
GERST       0.00      0.00      0.00         1
GES       0.80      0.67      0.73         6
GLBLST       0.00      0.00      0.00         2
GS       0.00      0.00      0.00         3
HSTRY       0.80      0.73      0.76        75
HUMBI       0.76      0.97      0.85       261
IDMEN       0.00      0.00      0.00        10
IE       0.00      0.00      0.00         0
ILAC       0.00      0.00      0.00         4
INSST       0.00      0.00      0.00         1
INTLR       0.63      0.77      0.69       114
ITAL       0.00      0.00      0.00         3
JAPAN       0.00      0.00      0.00         1
LING       0.62      0.36      0.45        14
MATCS       0.77      0.74      0.75       102
MATH       0.75      0.52      0.61        64
MATSC       1.00      0.79      0.88        19
ME       0.84      0.65      0.73       185
MGTSC       0.90      0.72      0.80       178
MODLAN       0.00      0.00      0.00         2
MUSIC       0.48      0.72      0.58        18
NATAM       0.00      0.00      0.00         2
PHILO       0.74      0.77      0.75        30
PHREL       1.00      0.29      0.44         7
PHYS       0.70      0.85      0.77        75
POLSC       0.74      0.68      0.71       118
PSYCH       0.69      0.87      0.77       121
PUBPO       0.61      0.59      0.60        58
RELST       0.00      0.00      0.00         2
SLAV       0.00      0.00      0.00         5
SOCIO       0.71      0.56      0.63        18
SPAN       0.00      0.00      0.00         2
STS       0.75      0.78      0.76       165
SYMBO       0.76      0.69      0.73       174
THPST       0.70      0.41      0.52        17
URBST       0.80      0.73      0.76        22

accuracy                           0.75      4145
macro avg       0.48      0.41      0.43      4145
weighted avg       0.74      0.75      0.73      4145


Forecasting, training and predicting on first 50:
precision    recall  f1-score   support

AA       0.00      0.00      0.00         6
AFRAM       0.64      0.29      0.40        24
AMSTU       0.84      0.78      0.81        27
ANTHR       0.90      0.66      0.76        29
ARCHA       1.00      0.75      0.86         4
ART       0.00      0.00      0.00         0
ARTHS       0.93      0.61      0.74        23
ARTP       0.79      0.38      0.51        29
ASAM       0.00      0.00      0.00         1
BIO       0.93      0.68      0.79       140
BIOE       1.00      0.02      0.03        59
BIOL       0.00      0.00      0.00         0
CE       0.85      0.88      0.86        32
CHEM       0.73      0.85      0.79        39
CHEME       0.91      0.95      0.93        73
CHILT       0.00      0.00      0.00         2
CHINE       0.00      0.00      0.00         2
CLASS       0.82      0.43      0.56        21
COMMU       0.81      0.87      0.84        54
CPLIT       0.75      0.71      0.73        17
CRWRIT       0.00      0.00      0.00         2
CS       0.86      0.90      0.88       823
CSRE       0.36      0.25      0.30        16
EASST       0.00      0.00      0.00         9
EASYS       0.74      0.93      0.83        90
ECON       0.80      0.87      0.83       156
ED       0.00      0.00      0.00         0
EE       0.83      0.89      0.86       138
ENGL       0.73      0.79      0.76       100
ENGR       0.61      0.86      0.71       285
ENVSE       0.00      0.00      0.00        21
ERE       0.80      0.80      0.80         5
FGSS       0.00      0.00      0.00        10
FILM       0.62      0.50      0.55        16
FRENC       0.25      0.25      0.25         8
GEOPH       1.00      0.40      0.57         5
GERST       0.00      0.00      0.00         1
GES       0.80      0.67      0.73         6
GLBLST       0.00      0.00      0.00         2
GS       0.00      0.00      0.00         3
HSTRY       0.79      0.83      0.81        75
HUMBI       0.80      0.97      0.88       261
IDMEN       0.00      0.00      0.00        10
IE       0.00      0.00      0.00         0
ILAC       1.00      0.25      0.40         4
INSST       0.00      0.00      0.00         1
INTLR       0.72      0.76      0.74       114
ITAL       0.00      0.00      0.00         3
JAPAN       0.00      0.00      0.00         1
LING       0.71      0.36      0.48        14
MATCS       0.73      0.77      0.75       102
MATH       0.70      0.58      0.63        64
MATSC       1.00      0.79      0.88        19
ME       0.89      0.80      0.84       185
MGTSC       0.90      0.77      0.83       178
MODLAN       0.00      0.00      0.00         2
MUSIC       0.52      0.72      0.60        18
NATAM       1.00      0.50      0.67         2
PHILO       0.73      0.73      0.73        30
PHREL       1.00      0.29      0.44         7
PHYS       0.77      0.87      0.82        75
POLSC       0.78      0.67      0.72       118
PSYCH       0.72      0.83      0.77       121
PUBPO       0.79      0.71      0.75        58
RELST       0.00      0.00      0.00         2
SLAV       0.50      0.20      0.29         5
SOCIO       0.71      0.56      0.63        18
SPAN       0.00      0.00      0.00         2
STS       0.76      0.81      0.78       165
SYMBO       0.75      0.76      0.76       174
THPST       0.73      0.47      0.57        17
URBST       0.77      0.77      0.77        22

accuracy                           0.78      4145
macro avg       0.54      0.45      0.48      4145
weighted avg       0.78      0.78      0.77      4145


Forecasting, training and predicting on first 60:
precision    recall  f1-score   support

AA       0.00      0.00      0.00         6
AFRAM       0.55      0.25      0.34        24
AMSTU       0.88      0.78      0.82        27
ANTHR       0.91      0.72      0.81        29
ARCHA       1.00      0.75      0.86         4
ART       0.00      0.00      0.00         0
ARTHS       0.94      0.70      0.80        23
ARTP       0.71      0.41      0.52        29
ASAM       0.00      0.00      0.00         1
BIO       0.93      0.74      0.82       140
BIOE       1.00      0.02      0.03        59
BIOL       0.00      0.00      0.00         0
CE       0.85      0.88      0.86        32
CHEM       0.83      0.87      0.85        39
CHEME       0.90      0.95      0.92        73
CHILT       0.00      0.00      0.00         2
CHINE       0.00      0.00      0.00         2
CLASS       0.82      0.43      0.56        21
COMMU       0.82      0.91      0.86        54
CPLIT       0.76      0.76      0.76        17
CRWRIT       0.00      0.00      0.00         2
CS       0.86      0.91      0.88       823
CSRE       0.29      0.31      0.30        16
EASST       0.00      0.00      0.00         9
EASYS       0.75      0.91      0.82        90
ECON       0.81      0.89      0.85       156
ED       0.00      0.00      0.00         0
EE       0.83      0.88      0.86       138
ENGL       0.75      0.80      0.77       100
ENGR       0.63      0.86      0.73       285
ENVSE       0.00      0.00      0.00        21
ERE       0.80      0.80      0.80         5
FGSS       0.00      0.00      0.00        10
FILM       0.62      0.50      0.55        16
FRENC       0.33      0.38      0.35         8
GEOPH       1.00      0.60      0.75         5
GERST       0.00      0.00      0.00         1
GES       1.00      0.67      0.80         6
GLBLST       0.00      0.00      0.00         2
GS       0.00      0.00      0.00         3
HSTRY       0.80      0.84      0.82        75
HUMBI       0.82      0.97      0.89       261
IDMEN       0.00      0.00      0.00        10
IE       0.00      0.00      0.00         0
ILAC       1.00      0.25      0.40         4
INSST       0.00      0.00      0.00         1
INTLR       0.75      0.77      0.76       114
ITAL       0.00      0.00      0.00         3
JAPAN       0.00      0.00      0.00         1
LING       0.78      0.50      0.61        14
MATCS       0.73      0.76      0.75       102
MATH       0.70      0.59      0.64        64
MATSC       1.00      0.79      0.88        19
ME       0.92      0.85      0.89       185
MGTSC       0.90      0.77      0.83       178
MODLAN       0.00      0.00      0.00         2
MUSIC       0.52      0.72      0.60        18
NATAM       1.00      0.50      0.67         2
PHILO       0.73      0.73      0.73        30
PHREL       1.00      0.29      0.44         7
PHYS       0.77      0.85      0.81        75
POLSC       0.79      0.69      0.73       118
PSYCH       0.76      0.83      0.80       121
PUBPO       0.79      0.71      0.75        58
RELST       0.00      0.00      0.00         2
SLAV       0.50      0.20      0.29         5
SOCIO       0.71      0.56      0.63        18
SPAN       0.00      0.00      0.00         2
STS       0.78      0.82      0.80       165
SYMBO       0.77      0.76      0.77       174
THPST       0.77      0.59      0.67        17
URBST       0.77      0.77      0.77        22

accuracy                           0.79      4145
macro avg       0.55      0.47      0.49      4145
weighted avg       0.79      0.79      0.78      4145
