5 courses pred:

precision    recall  f1-score   support

AA       0.00      0.00      0.00         6
AFRAM       0.06      0.17      0.08        24
AMSTU       0.17      0.07      0.10        27
ANSCI       0.00      0.00      0.00         0
ANTHR       0.10      0.07      0.08        29
ARCHA       0.02      0.75      0.03         4
ART       0.00      0.00      0.00         0
ARTHS       0.40      0.35      0.37        23
ARTP       0.10      0.10      0.10        29
ASAM       0.00      0.00      0.00         1
BIO       0.14      0.14      0.14       140
BIOE       0.00      0.00      0.00        59
BIOL       0.00      0.00      0.00         0
CASA       0.00      0.00      0.00         0
CE       0.01      0.06      0.02        32
CHEM       0.00      0.00      0.00        39
CHEME       0.13      0.49      0.20        73
CHILT       0.00      0.00      0.00         2
CHINE       0.17      0.50      0.25         2
CLASS       0.05      0.29      0.08        21
COMMU       0.00      0.00      0.00        54
CPLIT       0.00      0.00      0.00        17
CRWRIT       0.00      0.00      0.00         2
CS       0.48      0.19      0.27       823
CSRE       0.14      0.12      0.13        16
DRAMA       0.00      0.00      0.00         0
EASST       0.00      0.00      0.00         9
EASYS       0.18      0.31      0.23        90
ECON       0.35      0.04      0.07       156
ED       0.00      0.00      0.00         0
EE       0.35      0.16      0.22       138
ENGL       0.58      0.07      0.13       100
ENGR       0.28      0.02      0.05       285
ENVEN       0.00      0.00      0.00         0
ENVSE       0.00      0.00      0.00        21
ERE       0.01      0.40      0.01         5
FEMST       0.00      0.00      0.00         0
FGSS       0.33      0.10      0.15        10
FILM       0.06      0.19      0.09        16
FRENC       0.06      0.12      0.08         8
GEOPH       0.01      0.40      0.02         5
GERST       0.00      0.00      0.00         1
GES       0.00      0.00      0.00         6
GLBLST       0.00      0.00      0.00         2
GS       0.00      0.00      0.00         3
HSTRY       0.20      0.12      0.15        75
HUMBI       0.16      0.17      0.16       261
IDMEN       0.00      0.00      0.00        10
IDMHS       0.00      0.00      0.00         0
IE       0.00      0.00      0.00         0
ILAC       0.00      0.00      0.00         4
INSST       0.00      0.00      0.00         1
INTLR       0.18      0.19      0.19       114
ITAL       0.00      0.00      0.00         3
JAPAN       0.00      0.00      0.00         1
LING       0.00      0.00      0.00        14
MATCS       0.08      0.10      0.09       102
MATH       0.29      0.25      0.27        64
MATSC       0.00      0.00      0.00        19
ME       0.13      0.03      0.05       185
MGTSC       0.12      0.17      0.14       178
MODLAN       0.00      0.00      0.00         2
MUSIC       0.36      0.28      0.31        18
NATAM       0.01      0.50      0.02         2
PHILO       0.29      0.13      0.18        30
PHREL       0.00      0.00      0.00         7
PHYS       0.30      0.04      0.07        75
POLSC       0.18      0.11      0.14       118
PSYCH       0.22      0.15      0.18       121
PUBPO       0.19      0.14      0.16        58
RELST       0.00      0.00      0.00         2
SLAV       0.00      0.00      0.00         5
SOCIO       0.20      0.06      0.09        18
SPAN       0.00      0.00      0.00         2
STS       0.15      0.09      0.11       165
SYMBO       0.28      0.11      0.16       174
THPST       0.05      0.41      0.09        17
URBST       0.02      0.05      0.03        22

accuracy                           0.13      4145
macro avg       0.10      0.11      0.07      4145
weighted avg       0.25      0.13      0.15      4145


10:

train_score: 0.8193967422722481
              precision    recall  f1-score   support

          AA       0.00      0.00      0.00         6
       AFRAM       0.12      0.29      0.17        24
       AMSTU       0.36      0.15      0.21        27
       ANSCI       0.00      0.00      0.00         0
       ANTHR       0.33      0.07      0.11        29
       ARCHA       0.01      0.50      0.02         4
         ART       0.00      0.00      0.00         0
       ARTHS       0.15      0.17      0.16        23
        ARTP       0.15      0.14      0.15        29
        ASAM       0.00      0.00      0.00         1
         BIO       0.17      0.24      0.20       140
        BIOE       0.25      0.02      0.03        59
        BIOL       0.00      0.00      0.00         0
        CASA       0.00      0.00      0.00         0
          CE       0.02      0.12      0.04        32
        CHEM       0.05      0.03      0.03        39
       CHEME       0.19      0.60      0.29        73
       CHILT       0.00      0.00      0.00         2
       CHINE       0.00      0.00      0.00         2
       CLASS       0.04      0.19      0.07        21
       COMMU       0.25      0.24      0.24        54
       CPLIT       0.00      0.00      0.00        17
      CRWRIT       0.00      0.00      0.00         2
          CS       0.59      0.38      0.46       823
        CSRE       0.11      0.06      0.08        16
       DRAMA       0.00      0.00      0.00         0
       EASST       0.10      0.11      0.11         9
       EASYS       0.24      0.38      0.29        90
        ECON       0.86      0.04      0.07       156
          EE       0.39      0.17      0.24       138
        ENGL       0.53      0.08      0.14       100
        ENGR       0.19      0.05      0.08       285
       ENVEN       0.00      0.00      0.00         0
       ENVSE       0.00      0.00      0.00        21
         ERE       0.01      0.60      0.02         5
        FGSS       0.00      0.00      0.00        10
        FILM       0.18      0.44      0.25        16
       FRENC       0.18      0.38      0.24         8
       GEOPH       0.02      0.60      0.04         5
       GERST       0.00      0.00      0.00         1
         GES       0.00      0.00      0.00         6
      GLBLST       0.00      0.00      0.00         2
          GS       0.00      0.00      0.00         3
       HSTRY       0.47      0.12      0.19        75
       HUMBI       0.35      0.16      0.22       261
       IDMEN       0.02      0.10      0.04        10
       IDMHS       0.00      0.00      0.00         0
          IE       0.00      0.00      0.00         0
        ILAC       0.00      0.00      0.00         4
       INSST       0.00      0.00      0.00         1
       INTLR       0.21      0.28      0.24       114
        ITAL       0.00      0.00      0.00         3
       JAPAN       0.00      0.00      0.00         1
        LING       0.27      0.29      0.28        14
       MATCS       0.13      0.06      0.08       102
        MATH       0.26      0.34      0.30        64
       MATSC       0.05      0.05      0.05        19
          ME       0.16      0.02      0.04       185
       MGTSC       0.20      0.27      0.23       178
      MODLAN       0.00      0.00      0.00         2
       MUSIC       0.37      0.39      0.38        18
       NATAM       0.02      1.00      0.05         2
       PHILO       0.50      0.17      0.25        30
       PHREL       0.00      0.00      0.00         7
        PHYS       0.44      0.25      0.32        75
       POLSC       0.33      0.19      0.25       118
       PSYCH       0.43      0.16      0.23       121
       PUBPO       0.19      0.16      0.17        58
       RELST       0.00      0.00      0.00         2
        SLAV       0.50      0.20      0.29         5
       SOCIO       0.33      0.06      0.10        18
        SPAN       0.00      0.00      0.00         2
         STS       0.23      0.20      0.21       165
       SYMBO       0.27      0.08      0.12       174
       THPST       0.06      0.65      0.10        17
       URBST       0.40      0.09      0.15        22

    accuracy                           0.21      4145
   macro avg       0.15      0.15      0.11      4145
weighted avg       0.34      0.21      0.23      4145

15:
train_score: 0.8186826265855068
              precision    recall  f1-score   support

          AA       0.00      0.00      0.00         6
       AFRAM       0.17      0.42      0.24        24
       AMSTU       0.38      0.19      0.25        27
       ANSCI       0.00      0.00      0.00         0
       ANTHR       1.00      0.17      0.29        29
       ARCHA       0.02      0.75      0.03         4
         ART       0.00      0.00      0.00         0
       ARTHS       0.31      0.35      0.33        23
        ARTP       0.26      0.17      0.21        29
        ASAM       0.00      0.00      0.00         1
         BIO       0.35      0.40      0.37       140
        BIOE       0.36      0.07      0.11        59
        CASA       0.00      0.00      0.00         0
          CE       0.08      0.09      0.09        32
        CHEM       0.08      0.03      0.04        39
       CHEME       0.28      0.81      0.42        73
       CHILT       0.00      0.00      0.00         2
       CHINE       0.00      0.00      0.00         2
       CLASS       0.06      0.19      0.09        21
       COMMU       0.37      0.31      0.34        54
       CPLIT       0.43      0.18      0.25        17
      CRWRIT       0.00      0.00      0.00         2
          CS       0.68      0.54      0.60       823
        CSRE       0.09      0.06      0.07        16
       EASST       0.11      0.11      0.11         9
       EASYS       0.34      0.46      0.39        90
        ECON       0.81      0.08      0.15       156
          EE       0.53      0.19      0.28       138
        ENGL       0.75      0.15      0.25       100
        ENGR       0.33      0.10      0.15       285
       ENVEN       0.00      0.00      0.00         0
       ENVSE       0.05      0.05      0.05        21
         ERE       0.01      0.80      0.02         5
        FGSS       0.00      0.00      0.00        10
        FILM       0.19      0.44      0.26        16
       FRENC       0.12      0.25      0.17         8
       GEOPH       0.02      0.60      0.04         5
       GERST       0.00      0.00      0.00         1
         GES       0.50      0.17      0.25         6
      GLBLST       0.00      0.00      0.00         2
          GS       0.00      0.00      0.00         3
       HSTRY       0.39      0.15      0.21        75
       HUMBI       0.42      0.23      0.29       261
       IDMEN       0.00      0.00      0.00        10
       IDMHS       0.00      0.00      0.00         0
          IE       0.00      0.00      0.00         0
        ILAC       0.11      0.25      0.15         4
       INSST       0.00      0.00      0.00         1
       INTLR       0.29      0.42      0.34       114
        ITAL       0.00      0.00      0.00         3
       JAPAN       0.00      0.00      0.00         1
        LING       0.43      0.21      0.29        14
       MATCS       0.23      0.27      0.25       102
        MATH       0.44      0.34      0.39        64
       MATSC       0.06      0.11      0.08        19
          ME       0.42      0.08      0.14       185
       MGTSC       0.29      0.38      0.33       178
      MODLAN       0.00      0.00      0.00         2
       MUSIC       0.36      0.44      0.40        18
       NATAM       0.02      0.50      0.04         2
       PHILO       0.42      0.17      0.24        30
       PHREL       0.00      0.00      0.00         7
        PHYS       0.56      0.36      0.44        75
       POLSC       0.41      0.25      0.31       118
       PSYCH       0.54      0.25      0.34       121
       PUBPO       0.28      0.26      0.27        58
       RELST       0.00      0.00      0.00         2
        SLAV       0.50      0.20      0.29         5
       SOCIO       0.40      0.11      0.17        18
        SPAN       0.00      0.00      0.00         2
         STS       0.31      0.33      0.32       165
       SYMBO       0.43      0.17      0.24       174
       THPST       0.05      0.76      0.10        17
       URBST       0.00      0.00      0.00        22

    accuracy                           0.30      4145
   macro avg       0.22      0.19      0.16      4145
weighted avg       0.44      0.30      0.32      4145

20:
precision    recall  f1-score   support

AA       0.00      0.00      0.00         6
AFRAM       0.22      0.42      0.29        24
AMSTU       0.58      0.26      0.36        27
ANSCI       0.00      0.00      0.00         0
ANTHR       0.50      0.21      0.29        29
ARCHA       0.02      0.50      0.03         4
ART       0.00      0.00      0.00         0
ARTHS       0.27      0.35      0.30        23
ARTP       0.38      0.17      0.24        29
ASAM       0.00      0.00      0.00         1
BIO       0.49      0.70      0.58       140
BIOE       0.50      0.07      0.12        59
CASA       0.00      0.00      0.00         0
CE       0.38      0.25      0.30        32
CHEM       0.20      0.05      0.08        39
CHEME       0.37      0.93      0.53        73
CHILT       0.00      0.00      0.00         2
CHINE       0.00      0.00      0.00         2
CLASS       0.07      0.14      0.09        21
COMMU       0.53      0.46      0.50        54
CPLIT       0.40      0.12      0.18        17
CRWRIT       0.00      0.00      0.00         2
CS       0.74      0.72      0.73       823
CSRE       0.20      0.19      0.19        16
DRAMA       0.00      0.00      0.00         0
EASST       0.00      0.00      0.00         9
EASYS       0.47      0.60      0.52        90
ECON       0.91      0.19      0.31       156
EE       0.88      0.53      0.66       138
ENGL       0.82      0.23      0.36       100
ENGR       0.42      0.24      0.31       285
ENVEN       0.00      0.00      0.00         0
ENVSE       0.00      0.00      0.00        21
ERE       0.01      0.80      0.02         5
FGSS       0.00      0.00      0.00        10
FILM       0.23      0.56      0.33        16
FRENC       0.17      0.25      0.20         8
GEOPH       0.03      0.40      0.05         5
GERST       0.00      0.00      0.00         1
GES       0.50      0.17      0.25         6
GLBLST       0.00      0.00      0.00         2
GS       0.00      0.00      0.00         3
HSTRY       0.57      0.27      0.36        75
HUMBI       0.69      0.45      0.55       261
IDMEN       0.00      0.00      0.00        10
IDMHS       0.00      0.00      0.00         0
IE       0.00      0.00      0.00         0
ILAC       0.25      0.50      0.33         4
INSST       0.00      0.00      0.00         1
INTLR       0.47      0.54      0.50       114
ITAL       1.00      0.33      0.50         3
JAPAN       0.00      0.00      0.00         1
LING       0.42      0.36      0.38        14
MATCS       0.45      0.34      0.39       102
MATH       0.67      0.50      0.57        64
MATSC       0.18      0.21      0.20        19
ME       0.69      0.13      0.22       185
MGTSC       0.38      0.53      0.44       178
MODLAN       0.00      0.00      0.00         2
MUSIC       0.53      0.56      0.54        18
NATAM       0.02      0.50      0.05         2
PHILO       0.56      0.30      0.39        30
PHREL       1.00      0.14      0.25         7
PHYS       0.62      0.59      0.60        75
POLSC       0.62      0.45      0.52       118
PSYCH       0.64      0.36      0.46       121
PUBPO       0.34      0.43      0.38        58
RELST       0.00      0.00      0.00         2
SLAV       0.50      0.20      0.29         5
SOCIO       0.57      0.22      0.32        18
SPAN       0.00      0.00      0.00         2
STS       0.46      0.49      0.48       165
SYMBO       0.70      0.30      0.42       174
THPST       0.06      0.71      0.11        17
URBST       1.00      0.09      0.17        22

accuracy                           0.45      4145
macro avg       0.32      0.25      0.23      4145
weighted avg       0.58      0.45      0.47      4145

30:
precision    recall  f1-score   support

AA       0.00      0.00      0.00         6
AFRAM       0.34      0.71      0.46        24
AMSTU       0.92      0.41      0.56        27
ANSCI       0.00      0.00      0.00         0
ANTHR       0.79      0.38      0.51        29
ARCHA       0.07      0.50      0.13         4
ART       0.00      0.00      0.00         0
ARTHS       0.52      0.61      0.56        23
ARTP       0.54      0.24      0.33        29
ASAM       0.00      0.00      0.00         1
BIO       0.73      0.72      0.73       140
BIOE       0.45      0.17      0.25        59
BIOL       0.00      0.00      0.00         0
CASA       0.00      0.00      0.00         0
CE       0.50      0.69      0.58        32
CHEM       0.65      0.38      0.48        39
CHEME       0.59      0.97      0.74        73
CHILT       0.00      0.00      0.00         2
CHINE       0.00      0.00      0.00         2
CLASS       0.31      0.24      0.27        21
COMMU       0.80      0.59      0.68        54
CPLIT       0.45      0.29      0.36        17
CRWRIT       0.00      0.00      0.00         2
CS       0.84      0.86      0.85       823
CSRE       0.15      0.12      0.14        16
DRAMA       0.00      0.00      0.00         0
EASST       0.40      0.22      0.29         9
EASYS       0.69      0.72      0.71        90
ECON       0.93      0.60      0.73       156
EE       0.91      0.90      0.90       138
ENGL       0.84      0.46      0.59       100
ENGR       0.49      0.61      0.54       285
ENVEN       0.00      0.00      0.00         0
ENVSE       0.12      0.10      0.11        21
ERE       0.05      0.80      0.10         5
FGSS       0.00      0.00      0.00        10
FILM       0.47      0.50      0.48        16
FRENC       0.05      0.12      0.07         8
GEOPH       0.07      0.40      0.12         5
GERST       0.00      0.00      0.00         1
GES       1.00      0.33      0.50         6
GLBLST       0.00      0.00      0.00         2
GS       0.00      0.00      0.00         3
HSTRY       0.78      0.48      0.60        75
HUMBI       0.84      0.94      0.89       261
IDMEN       0.12      0.10      0.11        10
ILAC       0.20      1.00      0.33         4
INSST       0.00      0.00      0.00         1
INTLR       0.52      0.65      0.58       114
ITAL       0.00      0.00      0.00         3
JAPAN       0.00      0.00      0.00         1
LING       0.70      0.50      0.58        14
MATCS       0.68      0.66      0.67       102
MATH       0.69      0.56      0.62        64
MATSC       0.40      0.42      0.41        19
ME       0.84      0.29      0.43       185
MGTSC       0.72      0.81      0.76       178
MODLAN       0.00      0.00      0.00         2
MUSIC       0.55      0.61      0.58        18
NATAM       0.14      0.50      0.22         2
PHILO       0.62      0.50      0.56        30
PHREL       0.00      0.00      0.00         7
PHYS       0.71      0.80      0.75        75
POLSC       0.75      0.50      0.60       118
PSYCH       0.81      0.65      0.72       121
PUBPO       0.45      0.66      0.53        58
RELST       0.00      0.00      0.00         2
SLAV       0.33      0.20      0.25         5
SOCIO       0.67      0.22      0.33        18
SPAN       0.00      0.00      0.00         2
STS       0.64      0.68      0.66       165
SYMBO       0.76      0.63      0.69       174
THPST       0.13      0.88      0.23        17
URBST       1.00      0.32      0.48        22

accuracy                           0.66      4145
macro avg       0.39      0.37      0.34      4145
weighted avg       0.71      0.66      0.67      4145


40:
precision    recall  f1-score   support

AA       0.00      0.00      0.00         6
AFRAM       0.52      0.58      0.55        24
AMSTU       1.00      0.63      0.77        27
ANSCI       0.00      0.00      0.00         0
ANTHR       0.82      0.48      0.61        29
ARCHA       0.33      0.75      0.46         4
ART       0.00      0.00      0.00         0
ARTHS       0.79      0.65      0.71        23
ARTP       0.75      0.41      0.53        29
ASAM       0.00      0.00      0.00         1
BIO       0.88      0.76      0.82       140
BIOE       0.43      0.17      0.24        59
BIOL       0.00      0.00      0.00         0
CE       0.81      0.81      0.81        32
CHEM       0.78      0.64      0.70        39
CHEME       0.79      0.97      0.87        73
CHILT       0.00      0.00      0.00         2
CHINE       0.00      0.00      0.00         2
CLASS       0.50      0.38      0.43        21
COMMU       0.82      0.78      0.80        54
CPLIT       0.56      0.59      0.57        17
CRWRIT       0.00      0.00      0.00         2
CS       0.88      0.90      0.89       823
CSRE       0.27      0.19      0.22        16
EASST       0.33      0.11      0.17         9
EASYS       0.76      0.81      0.78        90
ECON       0.93      0.84      0.88       156
EE       0.89      0.91      0.90       138
ENGL       0.83      0.60      0.70       100
ENGR       0.53      0.76      0.63       285
ENVEN       0.00      0.00      0.00         0
ENVSE       0.21      0.14      0.17        21
ERE       0.25      1.00      0.40         5
FGSS       0.00      0.00      0.00        10
FILM       0.59      0.62      0.61        16
FRENC       0.13      0.25      0.17         8
GEOPH       0.27      0.80      0.40         5
GERST       0.00      0.00      0.00         1
GES       1.00      0.50      0.67         6
GLBLST       0.00      0.00      0.00         2
GS       0.00      0.00      0.00         3
HSTRY       0.84      0.72      0.78        75
HUMBI       0.86      0.97      0.91       261
IDMEN       0.00      0.00      0.00        10
ILAC       0.15      0.50      0.24         4
INSST       0.00      0.00      0.00         1
INTLR       0.67      0.81      0.73       114
ITAL       0.00      0.00      0.00         3
JAPAN       0.00      0.00      0.00         1
LING       0.69      0.64      0.67        14
MATCS       0.70      0.76      0.73       102
MATH       0.78      0.61      0.68        64
MATSC       1.00      0.68      0.81        19
ME       0.94      0.55      0.69       185
MGTSC       0.88      0.90      0.89       178
MODLAN       0.00      0.00      0.00         2
MUSIC       0.59      0.72      0.65        18
NATAM       0.12      0.50      0.20         2
PHILO       0.65      0.50      0.57        30
PHREL       0.00      0.00      0.00         7
PHYS       0.72      0.93      0.81        75
POLSC       0.82      0.66      0.73       118
PSYCH       0.89      0.77      0.82       121
PUBPO       0.63      0.67      0.65        58
RELST       0.00      0.00      0.00         2
SLAV       0.50      0.20      0.29         5
SOCIO       0.75      0.33      0.46        18
SPAN       0.00      0.00      0.00         2
STS       0.80      0.81      0.80       165
SYMBO       0.77      0.76      0.77       174
THPST       0.26      0.88      0.41        17
URBST       0.92      0.55      0.69        22

accuracy                           0.76      4145
macro avg       0.47      0.45      0.44      4145
weighted avg       0.78      0.76      0.76      4145


50:
AA       0.00      0.00      0.00         6
AFRAM       0.55      0.50      0.52        24
AMSTU       1.00      0.70      0.83        27
ANSCI       0.00      0.00      0.00         0
ANTHR       0.80      0.69      0.74        29
ARCHA       0.50      0.75      0.60         4
ART       0.00      0.00      0.00         0
ARTHS       0.75      0.65      0.70        23
ARTP       0.68      0.45      0.54        29
ASAM       0.00      0.00      0.00         1
BIO       0.91      0.85      0.88       140
BIOE       0.52      0.20      0.29        59
 CE       0.87      0.84      0.86        32
CHEM       0.84      0.67      0.74        39
CHEME       0.87      0.97      0.92        73
CHILT       0.00      0.00      0.00         2
CHINE       0.00      0.00      0.00         2
CLASS       0.67      0.38      0.48        21
COMMU       0.84      0.76      0.80        54
CPLIT       0.56      0.53      0.55        17
CRWRIT       0.00      0.00      0.00         2
 CS       0.90      0.92      0.91       823
CSRE       0.23      0.19      0.21        16
EASST       0.33      0.11      0.17         9
EASYS       0.81      0.88      0.84        90
ECON       0.90      0.91      0.90       156
 EE       0.90      0.91      0.90       138
ENGL       0.86      0.67      0.75       100
ENGR       0.60      0.81      0.69       285
ENVSE       0.31      0.19      0.24        21
ERE       0.42      1.00      0.59         5
FGSS       0.03      0.10      0.05        10
FILM       0.57      0.50      0.53        16
FRENC       0.12      0.12      0.12         8
GEOPH       0.27      0.60      0.37         5
GERST       0.00      0.00      0.00         1
GES       1.00      0.33      0.50         6
GLBLST       0.00      0.00      0.00         2
 GS       0.00      0.00      0.00         3
HSTRY       0.88      0.76      0.81        75
HUMBI       0.88      0.98      0.93       261
IDMEN       0.33      0.10      0.15        10
ILAC       0.22      0.50      0.31         4
INSST       0.00      0.00      0.00         1
INTLR       0.72      0.86      0.78       114
ITAL       0.00      0.00      0.00         3
JAPAN       0.50      1.00      0.67         1
LING       0.73      0.57      0.64        14
MATCS       0.68      0.81      0.74       102
MATH       0.81      0.61      0.70        64
MATSC       0.93      0.68      0.79        19
 ME       0.94      0.71      0.81       185
MGTSC       0.94      0.90      0.92       178
MODLAN       0.00      0.00      0.00         2
MUSIC       0.64      0.78      0.70        18
NATAM       0.20      0.50      0.29         2
PHILO       0.65      0.57      0.61        30
PHREL       1.00      0.14      0.25         7
PHYS       0.75      0.88      0.81        75
POLSC       0.81      0.69      0.74       118
PSYCH       0.86      0.77      0.81       121
PUBPO       0.90      0.74      0.81        58
RELST       0.00      0.00      0.00         2
SLAV       0.67      0.40      0.50         5
SOCIO       0.83      0.56      0.67        18
SPAN       0.00      0.00      0.00         2
STS       0.85      0.87      0.86       165
SYMBO       0.80      0.82      0.81       174
THPST       0.30      0.88      0.45        17
URBST       0.93      0.59      0.72        22

accuracy                           0.80      4145
macro avg       0.53      0.50      0.49      4145
weighted avg       0.81      0.80      0.80      4145


60:
AA       0.00      0.00      0.00         6
AFRAM       0.58      0.58      0.58        24
AMSTU       1.00      0.67      0.80        27
ANTHR       0.73      0.66      0.69        29
ARCHA       0.50      0.50      0.50         4
ART       0.00      0.00      0.00         0
ARTHS       0.73      0.70      0.71        23
ARTP       0.65      0.45      0.53        29
ASAM       0.00      0.00      0.00         1
BIO       0.89      0.86      0.87       140
BIOE       0.56      0.24      0.33        59
CE       0.88      0.88      0.88        32
CHEM       0.88      0.77      0.82        39
CHEME       0.90      0.96      0.93        73
CHILT       0.00      0.00      0.00         2
CHINE       0.00      0.00      0.00         2
CLASS       0.73      0.38      0.50        21
COMMU       0.83      0.80      0.81        54
CPLIT       0.48      0.59      0.53        17
CRWRIT       0.00      0.00      0.00         2
CS       0.89      0.92      0.91       823
CSRE       0.29      0.25      0.27        16
EASST       0.67      0.22      0.33         9
EASYS       0.79      0.90      0.84        90
ECON       0.90      0.92      0.91       156
EE       0.91      0.91      0.91       138
ENGL       0.85      0.70      0.77       100
ENGR       0.62      0.81      0.70       285
ENVSE       0.33      0.24      0.28        21
ERE       0.45      1.00      0.62         5
FGSS       0.07      0.20      0.10        10
FILM       0.62      0.50      0.55        16
FRENC       0.17      0.12      0.14         8
GEOPH       0.44      0.80      0.57         5
GERST       0.00      0.00      0.00         1
GES       1.00      0.33      0.50         6
GLBLST       0.00      0.00      0.00         2
GS       0.00      0.00      0.00         3
HSTRY       0.85      0.75      0.79        75
HUMBI       0.89      0.98      0.93       261
IDMEN       0.00      0.00      0.00        10
IE       0.00      0.00      0.00         0
ILAC       0.11      0.25      0.15         4
INSST       0.00      0.00      0.00         1
INTLR       0.72      0.83      0.77       114
ITAL       0.00      0.00      0.00         3
JAPAN       1.00      1.00      1.00         1
LING       0.70      0.50      0.58        14
MATCS       0.70      0.85      0.77       102
MATH       0.80      0.62      0.70        64
MATSC       0.93      0.68      0.79        19
ME       0.94      0.75      0.83       185
MGTSC       0.97      0.92      0.95       178
MODLAN       0.00      0.00      0.00         2
MUSIC       0.61      0.78      0.68        18
NATAM       0.33      0.50      0.40         2
PHILO       0.73      0.53      0.62        30
PHREL       0.00      0.00      0.00         7
PHYS       0.80      0.88      0.84        75
POLSC       0.84      0.69      0.76       118
PSYCH       0.87      0.84      0.86       121
PUBPO       0.75      0.76      0.75        58
RELST       0.00      0.00      0.00         2
SLAV       0.00      0.00      0.00         5
SOCIO       0.80      0.44      0.57        18
SPAN       0.00      0.00      0.00         2
STS       0.88      0.87      0.88       165
SYMBO       0.78      0.83      0.80       174
THPST       0.33      0.88      0.48        17
URBST       0.86      0.55      0.67        22

accuracy                           0.81      4145
macro avg       0.52      0.49      0.49      4145
weighted avg       0.81      0.81      0.80      4145
