==========
courses only
128

precision    recall  f1-score   support

1       0.00      0.00      0.00        60
2       0.88      0.70      0.78        10
3       0.69      0.77      0.73        98
5       0.96      0.96      0.96       266
6       0.91      0.94      0.93       579
7       0.92      0.53      0.67        68
9       0.50      0.12      0.20         8
11       0.94      0.84      0.89        19
13       0.77      0.98      0.86        49
14       0.94      0.74      0.83        39
15       0.00      0.00      0.00        17
16       0.84      0.72      0.78       105
18       0.00      0.00      0.00         1
20       0.70      0.35      0.47        20
24       0.64      0.50      0.56        18
26       0.90      0.91      0.90       140
28       0.00      0.00      0.00         3
29       0.00      0.00      0.00         5
32       0.84      0.86      0.85        66
33       0.00      0.00      0.00         5
35       0.77      0.83      0.80        87
36       0.83      0.90      0.86        21
37       0.50      0.60      0.55         5
40       0.53      0.90      0.66       209
44       0.85      0.94      0.89        35
45       1.00      0.42      0.59        12
47       0.00      0.00      0.00         1
48       0.71      0.91      0.80        35
49       0.80      0.90      0.85       110
51       0.67      1.00      0.80         2
52       0.67      0.09      0.16        22
54       0.86      0.50      0.63        12
56       0.00      0.00      0.00         4
57       0.93      0.93      0.93        15
58       0.00      0.00      0.00         2
59       0.00      0.00      0.00         6
60       0.63      0.41      0.50        29
61       0.00      0.00      0.00         2
63       0.85      0.88      0.87       147
64       0.85      0.65      0.73        17
65       0.78      0.98      0.87        61
70       0.00      0.00      0.00         1
71       0.81      0.86      0.83        78
72       0.90      0.97      0.93       118
75       0.00      0.00      0.00         2
76       0.80      0.75      0.77        16
78       0.00      0.00      0.00         0
79       0.98      0.73      0.84       164
80       0.00      0.00      0.00         3
81       0.83      0.87      0.85       110
84       0.78      0.47      0.58        15
85       0.00      0.00      0.00         1
86       0.93      0.91      0.92       136
87       0.00      0.00      0.00         4
89       0.47      0.73      0.57        11
90       0.00      0.00      0.00         4
91       0.36      0.68      0.47        19
92       1.00      0.20      0.33         5
93       0.79      0.52      0.63        21
94       0.86      1.00      0.93        51
96       0.00      0.00      0.00         3
97       0.75      0.46      0.57        13
99       0.82      0.91      0.86       129
101       0.00      0.00      0.00        16
102       1.00      1.00      1.00         5

accuracy                           0.82      3335
macro avg       0.55      0.51      0.51      3335
weighted avg       0.80      0.82      0.80      3335






=========
course + terms
128

precision    recall  f1-score   support

1       0.97      0.62      0.76        60
2       0.75      0.60      0.67        10
3       0.80      0.71      0.76        98
5       0.98      0.98      0.98       266
6       0.96      0.97      0.97       579
7       0.82      0.93      0.87        68
9       0.50      0.25      0.33         8
10       0.00      0.00      0.00         0
11       1.00      0.89      0.94        19
13       0.89      0.98      0.93        49
14       0.95      0.92      0.94        39
15       1.00      0.12      0.21        17
16       0.74      0.94      0.83       105
18       0.00      0.00      0.00         1
19       0.00      0.00      0.00         0
20       1.00      0.20      0.33        20
24       0.80      0.67      0.73        18
26       0.94      0.97      0.95       140
28       0.00      0.00      0.00         3
29       0.71      1.00      0.83         5
30       0.00      0.00      0.00         0
32       0.86      0.94      0.90        66
33       0.67      0.40      0.50         5
35       0.91      0.89      0.90        87
36       0.88      1.00      0.93        21
37       1.00      1.00      1.00         5
40       0.85      0.91      0.88       209
44       0.97      0.94      0.96        35
45       0.91      0.83      0.87        12
47       0.00      0.00      0.00         1
48       0.92      0.97      0.94        35
49       0.92      0.93      0.92       110
51       0.33      0.50      0.40         2
52       0.88      0.32      0.47        22
54       0.75      0.50      0.60        12
56       0.00      0.00      0.00         4
57       0.94      1.00      0.97        15
58       0.00      0.00      0.00         2
59       0.57      0.67      0.62         6
60       0.72      0.72      0.72        29
61       0.00      0.00      0.00         2
63       0.94      0.98      0.96       147
64       0.76      0.94      0.84        17
65       0.91      0.97      0.94        61
70       1.00      1.00      1.00         1
71       0.89      0.94      0.91        78
72       0.96      1.00      0.98       118
75       0.00      0.00      0.00         2
76       0.93      0.81      0.87        16
78       0.00      0.00      0.00         0
79       0.98      0.98      0.98       164
80       0.00      0.00      0.00         3
81       0.96      0.89      0.92       110
84       1.00      0.67      0.80        15
85       0.00      0.00      0.00         1
86       0.93      0.95      0.94       136
87       0.00      0.00      0.00         4
88       0.00      0.00      0.00         0
89       0.85      1.00      0.92        11
90       0.00      0.00      0.00         4
91       0.40      0.84      0.54        19
92       0.00      0.00      0.00         5
93       0.74      0.81      0.77        21
94       0.96      1.00      0.98        51
96       0.33      0.33      0.33         3
97       0.89      0.62      0.73        13
99       0.95      0.95      0.95       129
101       0.67      0.12      0.21        16
102       0.71      1.00      0.83         5

accuracy                           0.90      3335
macro avg       0.63      0.60      0.59      3335
weighted avg       0.90      0.90      0.89      3335

course + grades
precision    recall  f1-score   support

1       0.97      0.58      0.73        60
2       0.88      0.70      0.78        10
3       0.80      0.80      0.80        98
5       0.98      0.97      0.98       266
6       0.96      0.98      0.97       579
7       0.88      0.93      0.90        68
9       0.50      0.12      0.20         8
11       1.00      0.84      0.91        19
13       0.86      0.98      0.91        49
14       0.95      0.90      0.92        39
15       1.00      0.12      0.21        17
16       0.82      0.84      0.83       105
18       0.00      0.00      0.00         1
20       1.00      0.30      0.46        20
24       0.81      0.94      0.87        18
26       0.96      0.98      0.97       140
28       0.00      0.00      0.00         3
29       0.50      0.20      0.29         5
30       0.00      0.00      0.00         0
32       0.86      0.94      0.90        66
33       0.33      0.20      0.25         5
35       0.92      0.92      0.92        87
36       0.81      1.00      0.89        21
37       0.83      1.00      0.91         5
40       0.80      0.88      0.84       209
44       0.92      0.97      0.94        35
45       1.00      0.75      0.86        12
47       0.00      0.00      0.00         1
48       0.97      0.97      0.97        35
49       0.94      0.92      0.93       110
51       0.00      0.00      0.00         2
52       0.82      0.41      0.55        22
54       0.89      0.67      0.76        12
56       0.00      0.00      0.00         4
57       0.88      1.00      0.94        15
58       0.00      0.00      0.00         2
59       0.00      0.00      0.00         6
60       0.70      0.79      0.74        29
61       0.00      0.00      0.00         2
63       0.92      0.99      0.95       147
64       0.94      0.94      0.94        17
65       0.94      0.97      0.95        61
70       1.00      1.00      1.00         1
71       0.89      0.97      0.93        78
72       0.98      1.00      0.99       118
75       0.00      0.00      0.00         2
76       0.79      0.94      0.86        16
78       0.00      0.00      0.00         0
79       0.99      0.97      0.98       164
80       0.00      0.00      0.00         3
81       0.98      0.94      0.96       110
84       0.87      0.87      0.87        15
85       0.20      1.00      0.33         1
86       0.95      0.93      0.94       136
87       0.00      0.00      0.00         4
89       0.69      1.00      0.81        11
90       0.00      0.00      0.00         4
91       0.41      0.89      0.57        19
92       0.00      0.00      0.00         5
93       0.73      0.90      0.81        21
94       0.96      1.00      0.98        51
96       0.50      1.00      0.67         3
97       0.80      0.62      0.70        13
99       0.95      0.92      0.94       129
101       0.57      0.25      0.35        16
102       0.56      1.00      0.71         5

accuracy                           0.90      3335
macro avg       0.64      0.63      0.61      3335
weighted avg       0.90      0.90      0.90      3335

==================
course + terms + grades
128

precision    recall  f1-score   support

1       0.92      0.20      0.33        60
2       1.00      0.50      0.67        10
3       0.83      0.76      0.79        98
5       0.99      0.96      0.98       266
6       0.96      0.98      0.97       579
7       0.75      0.91      0.82        68
9       0.50      0.38      0.43         8
11       1.00      0.84      0.91        19
13       0.89      0.86      0.88        49
14       0.94      0.87      0.91        39
15       1.00      0.06      0.11        17
16       0.82      0.88      0.85       105
18       0.00      0.00      0.00         1
20       1.00      0.25      0.40        20
24       0.71      0.67      0.69        18
26       0.94      0.99      0.96       140
28       0.00      0.00      0.00         3
29       0.67      0.40      0.50         5
30       0.00      0.00      0.00         0
32       0.81      0.97      0.88        66
33       0.00      0.00      0.00         5
35       0.95      0.86      0.90        87
36       0.88      1.00      0.93        21
37       0.67      0.80      0.73         5
40       0.71      0.91      0.80       209
44       0.94      0.97      0.96        35
45       1.00      0.92      0.96        12
47       0.00      0.00      0.00         1
48       0.89      0.94      0.92        35
49       0.94      0.92      0.93       110
51       0.40      1.00      0.57         2
52       0.71      0.23      0.34        22
54       1.00      0.42      0.59        12
56       0.00      0.00      0.00         4
57       0.75      1.00      0.86        15
58       0.00      0.00      0.00         2
59       1.00      0.17      0.29         6
60       0.76      0.86      0.81        29
61       0.00      0.00      0.00         2
63       0.93      0.97      0.95       147
64       0.88      0.88      0.88        17
65       0.98      0.97      0.98        61
70       1.00      1.00      1.00         1
71       0.88      0.95      0.91        78
72       0.97      1.00      0.98       118
75       0.00      0.00      0.00         2
76       0.88      0.94      0.91        16
78       0.00      0.00      0.00         0
79       0.98      0.95      0.96       164
80       1.00      0.33      0.50         3
81       0.97      0.89      0.93       110
84       0.78      0.93      0.85        15
85       0.25      1.00      0.40         1
86       0.95      0.92      0.94       136
87       0.00      0.00      0.00         4
88       0.00      0.00      0.00         0
89       0.58      1.00      0.73        11
90       0.00      0.00      0.00         4
91       0.29      0.79      0.43        19
92       0.00      0.00      0.00         5
93       0.72      0.86      0.78        21
94       0.96      1.00      0.98        51
96       0.67      0.67      0.67         3
97       0.78      0.54      0.64        13
99       0.98      0.96      0.97       129
101       0.00      0.00      0.00        16
102       0.36      0.80      0.50         5

accuracy                           0.89      3335
macro avg       0.64      0.61      0.59      3335
weighted avg       0.89      0.89      0.88      3335


==================
course + terms + grades
128
hidden_size=100

precision    recall  f1-score   support

1       0.96      0.42      0.58        60
2       1.00      0.70      0.82        10
3       0.84      0.83      0.83        98
5       0.98      0.97      0.98       266
6       0.95      0.98      0.96       579
7       0.81      0.88      0.85        68
9       0.75      0.38      0.50         8
11       1.00      0.95      0.97        19
13       0.82      0.92      0.87        49
14       0.86      0.92      0.89        39
15       1.00      0.47      0.64        17
16       0.88      0.86      0.87       105
18       0.00      0.00      0.00         1
20       0.91      0.50      0.65        20
24       0.69      0.61      0.65        18
26       0.94      0.99      0.97       140
28       0.00      0.00      0.00         3
29       0.80      0.80      0.80         5
30       0.00      0.00      0.00         0
32       0.90      0.94      0.92        66
33       0.43      0.60      0.50         5
35       0.93      0.90      0.91        87
36       0.91      1.00      0.95        21
37       0.71      1.00      0.83         5
40       0.78      0.87      0.82       209
44       0.89      0.97      0.93        35
45       0.92      0.92      0.92        12
47       0.00      0.00      0.00         1
48       0.97      0.89      0.93        35
49       0.94      0.94      0.94       110
51       1.00      1.00      1.00         2
52       1.00      0.55      0.71        22
54       1.00      0.75      0.86        12
56       0.00      0.00      0.00         4
57       0.94      1.00      0.97        15
58       0.00      0.00      0.00         2
59       0.67      0.67      0.67         6
60       0.79      0.76      0.77        29
61       0.17      0.50      0.25         2
63       0.92      0.99      0.96       147
64       0.89      0.94      0.91        17
65       0.92      0.98      0.95        61
70       0.00      0.00      0.00         1
71       0.93      0.95      0.94        78
72       0.95      0.98      0.97       118
73       0.00      0.00      0.00         0
75       0.00      0.00      0.00         2
76       0.81      0.81      0.81        16
79       0.98      0.96      0.97       164
80       0.00      0.00      0.00         3
81       0.95      0.92      0.94       110
84       0.71      1.00      0.83        15
85       0.00      0.00      0.00         1
86       0.94      0.93      0.93       136
87       0.00      0.00      0.00         4
88       0.00      0.00      0.00         0
89       0.62      0.91      0.74        11
90       0.00      0.00      0.00         4
91       0.48      0.79      0.60        19
92       1.00      0.40      0.57         5
93       0.89      0.81      0.85        21
94       0.98      1.00      0.99        51
96       0.40      0.67      0.50         3
97       1.00      0.62      0.76        13
99       0.93      0.99      0.96       129
101       0.50      0.19      0.27        16
102       0.83      1.00      0.91         5

accuracy                           0.91      3335
macro avg       0.67      0.65      0.64      3335
weighted avg       0.91      0.91      0.90      3335

==================
course + terms + grades
128
hidden_size=150


precision    recall  f1-score   support

1       0.90      0.77      0.83        60
2       1.00      0.80      0.89        10
3       0.90      0.79      0.84        98
5       0.99      0.94      0.97       266
6       0.97      0.97      0.97       579
7       0.75      0.93      0.83        68
9       0.60      0.38      0.46         8
11       1.00      0.95      0.97        19
13       0.84      0.98      0.91        49
14       0.88      0.95      0.91        39
15       0.76      0.76      0.76        17
16       0.79      0.88      0.83       105
18       0.00      0.00      0.00         1
20       1.00      0.30      0.46        20
24       0.83      0.83      0.83        18
26       0.99      0.97      0.98       140
28       0.00      0.00      0.00         3
29       0.60      0.60      0.60         5
32       0.89      0.95      0.92        66
33       0.40      0.40      0.40         5
35       0.91      0.89      0.90        87
36       0.91      1.00      0.95        21
37       1.00      1.00      1.00         5
40       0.85      0.89      0.87       209
44       0.92      0.97      0.94        35
45       0.90      0.75      0.82        12
47       0.00      0.00      0.00         1
48       0.94      0.91      0.93        35
49       0.87      0.94      0.90       110
51       1.00      0.50      0.67         2
52       0.60      0.55      0.57        22
54       1.00      0.58      0.74        12
56       0.50      0.25      0.33         4
57       0.94      1.00      0.97        15
58       0.00      0.00      0.00         2
59       1.00      0.67      0.80         6
60       0.78      0.86      0.82        29
61       0.00      0.00      0.00         2
63       0.94      0.99      0.96       147
64       1.00      0.94      0.97        17
65       0.97      0.97      0.97        61
70       0.00      0.00      0.00         1
71       0.90      0.95      0.92        78
72       1.00      0.98      0.99       118
75       0.00      0.00      0.00         2
76       0.82      0.88      0.85        16
78       0.00      0.00      0.00         0
79       0.99      0.94      0.96       164
80       0.00      0.00      0.00         3
81       0.96      0.95      0.95       110
84       0.87      0.87      0.87        15
85       0.50      1.00      0.67         1
86       0.92      0.96      0.94       136
87       0.50      0.25      0.33         4
89       0.73      1.00      0.85        11
90       1.00      0.25      0.40         4
91       0.43      0.79      0.56        19
92       1.00      0.40      0.57         5
93       0.75      0.86      0.80        21
94       0.98      1.00      0.99        51
96       1.00      0.33      0.50         3
97       0.86      0.46      0.60        13
99       0.95      0.98      0.97       129
101       0.00      0.00      0.00        16
102       0.56      1.00      0.71         5

accuracy                           0.91      3335
macro avg       0.72      0.67      0.68      3335
weighted avg       0.91      0.91      0.91      3335


==================
course + terms + grades
5
hidden_size=150

precision    recall  f1-score   support

0       0.00      0.00      0.00         0
1       0.18      0.03      0.06        60
2       0.00      0.00      0.00        10
3       0.19      0.24      0.22        98
4       0.00      0.00      0.00         0
5       0.42      0.02      0.04       266
6       0.44      0.03      0.05       579
7       0.23      0.46      0.31        68
9       0.05      0.12      0.07         8
10       0.00      0.00      0.00         0
11       0.07      0.05      0.06        19
12       0.00      0.00      0.00         0
13       1.00      0.02      0.04        49
14       0.14      0.10      0.12        39
15       0.00      0.00      0.00        17
16       0.10      0.05      0.07       105
18       0.00      0.00      0.00         1
19       0.00      0.00      0.00         0
20       0.09      0.35      0.15        20
21       0.00      0.00      0.00         0
22       0.00      0.00      0.00         0
24       0.14      0.72      0.23        18
25       0.00      0.00      0.00         0
26       0.08      0.01      0.02       140
27       0.00      0.00      0.00         0
28       0.00      0.00      0.00         3
29       0.00      0.00      0.00         5
30       0.00      0.00      0.00         0
32       0.44      0.11      0.17        66
33       0.10      0.20      0.13         5
35       0.08      0.01      0.02        87
36       0.00      0.00      0.00        21
37       0.00      0.20      0.01         5
38       0.00      0.00      0.00         0
40       0.08      0.01      0.02       209
41       0.00      0.00      0.00         0
42       0.00      0.00      0.00         0
44       0.02      0.06      0.03        35
45       0.07      0.17      0.10        12
46       0.00      0.00      0.00         0
47       0.00      0.00      0.00         1
48       0.00      0.00      0.00        35
49       0.23      0.19      0.21       110
50       0.00      0.00      0.00         0
51       0.00      0.00      0.00         2
52       0.10      0.09      0.09        22
53       0.00      0.00      0.00         0
54       0.10      0.08      0.09        12
56       0.00      0.00      0.00         4
57       0.00      0.00      0.00        15
58       0.00      0.00      0.00         2
59       0.00      0.00      0.00         6
60       0.15      0.07      0.10        29
61       0.00      0.00      0.00         2
63       0.12      0.02      0.03       147
64       0.00      0.00      0.00        17
65       0.11      0.08      0.09        61
66       0.00      0.00      0.00         0
67       0.00      0.00      0.00         0
69       0.00      0.00      0.00         0
70       0.00      0.00      0.00         1
71       0.43      0.13      0.20        78
72       0.40      0.02      0.03       118
73       0.00      0.00      0.00         0
75       0.00      0.00      0.00         2
76       0.00      0.00      0.00        16
77       0.00      0.00      0.00         0
78       0.00      0.00      0.00         0
79       0.00      0.00      0.00       164
80       0.00      0.00      0.00         3
81       0.10      0.02      0.03       110
82       0.00      0.00      0.00         0
83       0.00      0.00      0.00         0
84       0.12      0.13      0.13        15
85       0.00      0.00      0.00         1
86       0.05      0.01      0.01       136
87       0.00      0.00      0.00         4
88       0.00      0.00      0.00         0
89       0.21      0.27      0.24        11
90       0.00      0.00      0.00         4
91       0.06      0.05      0.06        19
92       0.00      0.00      0.00         5
93       0.33      0.10      0.15        21
94       0.00      0.00      0.00        51
96       0.00      0.00      0.00         3
97       0.08      0.69      0.14        13
99       0.10      0.02      0.04       129
100       0.00      0.00      0.00         0
101       0.00      0.00      0.00        16
102       0.00      0.40      0.01         5
104       0.00      0.00      0.00         0

accuracy                           0.06      3335
macro avg       0.07      0.06      0.04      3335
weighted avg       0.22      0.06      0.06      3335


==================
course + terms + grades
10
hidden_size=150
precision    recall  f1-score   support

1       0.28      0.18      0.22        60
2       0.20      0.20      0.20        10
3       0.24      0.32      0.28        98
4       0.00      0.00      0.00         0
5       0.46      0.05      0.08       266
6       0.80      0.10      0.18       579
7       0.24      0.46      0.32        68
9       0.04      0.12      0.06         8
10       0.00      0.00      0.00         0
11       0.09      0.11      0.10        19
12       0.00      0.00      0.00         0
13       1.00      0.02      0.04        49
14       0.23      0.18      0.20        39
15       0.01      0.41      0.03        17
16       0.29      0.11      0.16       105
18       0.00      0.00      0.00         1
19       0.00      0.00      0.00         0
20       0.10      0.35      0.16        20
21       0.00      0.00      0.00         0
22       0.00      0.00      0.00         0
24       0.10      0.61      0.17        18
25       0.00      0.00      0.00         0
26       0.46      0.04      0.08       140
27       0.00      0.00      0.00         0
28       0.00      0.00      0.00         3
29       0.00      0.00      0.00         5
30       0.00      0.00      0.00         0
31       0.00      0.00      0.00         0
32       0.44      0.17      0.24        66
33       0.11      0.20      0.14         5
35       0.27      0.03      0.06        87
36       0.00      0.00      0.00        21
37       0.00      0.00      0.00         5
38       0.00      0.00      0.00         0
40       0.11      0.05      0.07       209
42       0.00      0.00      0.00         0
44       0.03      0.06      0.04        35
45       0.13      0.25      0.17        12
47       0.00      0.00      0.00         1
48       0.05      0.03      0.04        35
49       0.35      0.25      0.30       110
50       0.00      0.00      0.00         0
51       0.00      0.00      0.00         2
52       0.09      0.05      0.06        22
53       0.00      0.00      0.00         0
54       0.00      0.00      0.00        12
56       0.00      0.00      0.00         4
57       0.00      0.00      0.00        15
58       0.00      0.00      0.00         2
59       0.00      0.00      0.00         6
60       0.26      0.24      0.25        29
61       0.00      0.00      0.00         2
63       0.37      0.10      0.15       147
64       0.00      0.00      0.00        17
65       0.10      0.03      0.05        61
66       0.00      0.00      0.00         0
67       0.00      0.00      0.00         0
70       0.00      0.00      0.00         1
71       0.44      0.14      0.21        78
72       0.40      0.02      0.03       118
73       0.00      0.00      0.00         0
75       0.00      0.00      0.00         2
76       0.06      0.06      0.06        16
78       0.00      0.00      0.00         0
79       1.00      0.01      0.01       164
80       0.00      0.00      0.00         3
81       0.39      0.06      0.11       110
82       0.00      0.00      0.00         0
83       0.00      0.00      0.00         0
84       0.21      0.20      0.21        15
85       0.00      0.00      0.00         1
86       0.17      0.04      0.07       136
87       0.02      0.25      0.04         4
88       0.00      0.00      0.00         0
89       0.07      0.09      0.08        11
90       0.00      0.00      0.00         4
91       0.06      0.05      0.06        19
92       0.08      0.20      0.11         5
93       0.14      0.05      0.07        21
94       0.17      0.02      0.04        51
96       0.12      0.33      0.18         3
97       0.08      0.62      0.14        13
99       0.23      0.08      0.12       129
100       0.00      0.00      0.00         0
101       0.00      0.00      0.00        16
102       0.02      0.60      0.03         5
103       0.00      0.00      0.00         0
104       0.00      0.00      0.00         0

accuracy                           0.10      3335
macro avg       0.12      0.09      0.06      3335
weighted avg       0.41      0.10      0.12      3335


==================
course + terms + grades
20
hidden_size=150

precision    recall  f1-score   support

0       0.00      0.00      0.00         0
1       0.27      0.27      0.27        60
2       0.50      0.60      0.55        10
3       0.43      0.66      0.52        98
4       0.00      0.00      0.00         0
5       0.80      0.22      0.35       266
6       0.84      0.48      0.61       579
7       0.37      0.82      0.51        68
9       0.12      0.12      0.12         8
10       0.00      0.00      0.00         0
11       0.31      0.47      0.38        19
13       0.83      0.20      0.33        49
14       0.61      0.51      0.56        39
15       0.01      0.12      0.02        17
16       0.39      0.42      0.41       105
17       0.00      0.00      0.00         0
18       0.00      0.00      0.00         1
20       0.20      0.35      0.25        20
22       0.00      0.00      0.00         0
24       0.13      0.56      0.21        18
25       0.00      0.00      0.00         0
26       0.79      0.22      0.35       140
27       0.00      0.00      0.00         0
28       0.00      0.00      0.00         3
29       0.04      0.20      0.06         5
30       0.00      0.00      0.00         0
32       0.43      0.32      0.37        66
33       0.15      0.40      0.22         5
35       0.77      0.34      0.48        87
36       0.25      0.05      0.08        21
37       0.02      0.80      0.03         5
40       0.19      0.27      0.23       209
41       0.00      0.00      0.00         0
44       0.44      0.20      0.27        35
45       0.27      0.75      0.40        12
47       0.00      0.00      0.00         1
48       0.27      0.23      0.25        35
49       0.50      0.55      0.53       110
50       0.00      0.00      0.00         0
51       0.03      0.50      0.06         2
52       0.27      0.14      0.18        22
54       0.00      0.00      0.00        12
56       0.20      0.25      0.22         4
57       0.14      0.33      0.20        15
58       0.12      0.50      0.20         2
59       0.00      0.00      0.00         6
60       0.45      0.45      0.45        29
61       0.00      0.00      0.00         2
63       0.48      0.44      0.46       147
64       0.07      0.06      0.06        17
65       0.35      0.30      0.32        61
67       0.00      0.00      0.00         0
70       0.00      0.00      0.00         1
71       0.56      0.51      0.53        78
72       0.69      0.39      0.50       118
73       0.00      0.00      0.00         0
75       0.00      0.00      0.00         2
76       0.17      0.12      0.14        16
78       0.00      0.00      0.00         0
79       1.00      0.01      0.01       164
80       0.00      0.00      0.00         3
81       0.76      0.51      0.61       110
82       0.00      0.00      0.00         0
83       0.00      0.00      0.00         0
84       0.30      0.53      0.38        15
85       0.00      0.00      0.00         1
86       0.38      0.22      0.28       136
87       0.00      0.00      0.00         4
88       0.00      0.00      0.00         0
89       0.20      0.27      0.23        11
90       0.00      0.00      0.00         4
91       0.15      0.21      0.17        19
92       0.12      0.20      0.15         5
93       0.56      0.24      0.33        21
94       0.58      0.14      0.22        51
96       0.00      0.00      0.00         3
97       0.11      0.46      0.17        13
99       0.59      0.53      0.56       129
100       0.00      0.00      0.00         0
101       0.09      0.06      0.07        16
102       0.16      1.00      0.27         5

accuracy                           0.36      3335
macro avg       0.23      0.23      0.19      3335
weighted avg       0.57      0.36      0.40      3335


==================
course + terms + grades
30
hidden_size=150

precision    recall  f1-score   support

1       0.64      0.35      0.45        60
2       0.88      0.70      0.78        10
3       0.63      0.81      0.71        98
5       0.87      0.80      0.83       266
6       0.93      0.80      0.86       579
7       0.50      0.87      0.64        68
9       0.25      0.25      0.25         8
10       0.00      0.00      0.00         0
11       0.59      0.68      0.63        19
13       0.79      0.55      0.65        49
14       0.70      0.79      0.75        39
15       0.21      0.35      0.26        17
16       0.60      0.71      0.65       105
18       0.00      0.00      0.00         1
19       0.00      0.00      0.00         0
20       0.44      0.35      0.39        20
24       0.48      0.72      0.58        18
26       0.86      0.75      0.80       140
27       0.00      0.00      0.00         0
28       0.00      0.00      0.00         3
29       0.15      0.40      0.22         5
30       0.00      0.00      0.00         0
31       0.00      0.00      0.00         0
32       0.71      0.59      0.64        66
33       0.14      0.40      0.21         5
35       0.76      0.62      0.68        87
36       0.78      0.33      0.47        21
37       0.13      0.80      0.23         5
40       0.31      0.63      0.42       209
44       0.75      0.69      0.72        35
45       0.59      0.83      0.69        12
47       0.00      0.00      0.00         1
48       0.88      0.40      0.55        35
49       0.63      0.77      0.70       110
50       0.00      0.00      0.00         0
51       0.25      0.50      0.33         2
52       0.55      0.27      0.36        22
54       0.80      0.33      0.47        12
56       1.00      0.50      0.67         4
57       0.36      0.80      0.50        15
58       0.14      0.50      0.22         2
59       0.50      0.33      0.40         6
60       0.60      0.62      0.61        29
61       0.00      0.00      0.00         2
63       0.68      0.72      0.70       147
64       0.55      0.71      0.62        17
65       0.68      0.44      0.53        61
66       0.00      0.00      0.00         0
70       0.25      1.00      0.40         1
71       0.70      0.78      0.74        78
72       0.94      0.66      0.78       118
73       0.00      0.00      0.00         0
75       0.00      0.00      0.00         2
76       0.67      0.50      0.57        16
78       0.00      0.00      0.00         0
79       1.00      0.13      0.23       164
80       0.00      0.00      0.00         3
81       0.95      0.88      0.92       110
84       0.61      0.73      0.67        15
85       0.00      0.00      0.00         1
86       0.75      0.67      0.71       136
87       0.11      0.25      0.15         4
89       0.32      0.64      0.42        11
90       0.00      0.00      0.00         4
91       0.26      0.37      0.30        19
92       0.00      0.00      0.00         5
93       0.71      0.24      0.36        21
94       0.92      0.45      0.61        51
96       0.25      0.33      0.29         3
97       0.31      0.62      0.41        13
99       0.82      0.69      0.75       129
101       0.08      0.12      0.10        16
102       0.45      1.00      0.62         5

accuracy                           0.66      3335
macro avg       0.43      0.43      0.40      3335
weighted avg       0.74      0.66      0.67      3335

==================
course + terms + grades
40
hidden_size=150


precision    recall  f1-score   support

1       0.69      0.42      0.52        60
2       0.67      0.80      0.73        10
3       0.83      0.84      0.83        98
5       0.95      0.91      0.93       266
6       0.97      0.92      0.94       579
7       0.65      0.90      0.75        68
9       0.43      0.38      0.40         8
11       0.89      0.84      0.86        19
13       0.88      0.86      0.87        49
14       0.80      0.92      0.86        39
15       0.54      0.41      0.47        17
16       0.76      0.88      0.81       105
18       0.00      0.00      0.00         1
20       0.75      0.30      0.43        20
24       0.59      0.89      0.71        18
26       0.97      0.86      0.91       140
28       0.00      0.00      0.00         3
29       0.67      0.40      0.50         5
30       0.00      0.00      0.00         0
32       0.83      0.82      0.82        66
33       0.33      0.60      0.43         5
35       0.88      0.85      0.87        87
36       0.83      0.48      0.61        21
37       0.56      1.00      0.71         5
40       0.54      0.85      0.66       209
44       0.91      0.89      0.90        35
45       0.90      0.75      0.82        12
47       0.00      0.00      0.00         1
48       0.90      0.80      0.85        35
49       0.78      0.82      0.80       110
51       1.00      1.00      1.00         2
52       0.65      0.50      0.56        22
54       1.00      0.50      0.67        12
56       0.00      0.00      0.00         4
57       0.71      1.00      0.83        15
58       0.00      0.00      0.00         2
59       1.00      0.83      0.91         6
60       0.71      0.76      0.73        29
61       0.00      0.00      0.00         2
63       0.82      0.91      0.86       147
64       0.93      0.76      0.84        17
65       0.91      0.80      0.85        61
70       0.00      0.00      0.00         1
71       0.84      0.87      0.86        78
72       1.00      0.90      0.95       118
73       0.00      0.00      0.00         0
75       0.00      0.00      0.00         2
76       0.88      0.88      0.88        16
79       0.98      0.52      0.68       164
80       0.00      0.00      0.00         3
81       0.95      0.96      0.95       110
84       0.77      0.67      0.71        15
85       1.00      1.00      1.00         1
86       0.82      0.92      0.87       136
87       0.25      0.25      0.25         4
89       0.56      0.82      0.67        11
90       0.00      0.00      0.00         4
91       0.41      0.74      0.53        19
92       0.25      0.20      0.22         5
93       0.76      0.62      0.68        21
94       0.98      0.92      0.95        51
96       0.50      0.33      0.40         3
97       0.70      0.54      0.61        13
99       0.92      0.89      0.91       129
101       0.20      0.19      0.19        16
102       0.62      1.00      0.77         5

accuracy                           0.83      3335
macro avg       0.62      0.60      0.60      3335
weighted avg       0.85      0.83      0.83      3335

==================
course + terms + grades
50
hidden_size=150


precision    recall  f1-score   support

1       0.85      0.65      0.74        60
2       0.89      0.80      0.84        10
3       0.88      0.81      0.84        98
5       0.97      0.92      0.95       266
6       0.96      0.96      0.96       579
7       0.72      0.90      0.80        68
9       0.75      0.38      0.50         8
11       1.00      0.95      0.97        19
13       0.87      0.96      0.91        49
14       0.86      0.95      0.90        39
15       0.85      0.65      0.73        17
16       0.82      0.90      0.85       105
18       0.00      0.00      0.00         1
20       1.00      0.30      0.46        20
24       0.84      0.89      0.86        18
26       0.99      0.95      0.97       140
28       0.00      0.00      0.00         3
29       0.75      0.60      0.67         5
32       0.89      0.95      0.92        66
33       0.29      0.40      0.33         5
35       0.90      0.91      0.90        87
36       0.90      0.90      0.90        21
37       0.71      1.00      0.83         5
40       0.74      0.89      0.80       209
44       0.89      0.97      0.93        35
45       0.91      0.83      0.87        12
47       0.00      0.00      0.00         1
48       0.85      0.97      0.91        35
49       0.83      0.89      0.86       110
51       1.00      0.50      0.67         2
52       0.79      0.50      0.61        22
54       1.00      0.58      0.74        12
56       0.00      0.00      0.00         4
57       0.83      1.00      0.91        15
58       0.00      0.00      0.00         2
59       1.00      0.50      0.67         6
60       0.76      0.86      0.81        29
61       0.00      0.00      0.00         2
63       0.91      0.98      0.94       147
64       1.00      0.88      0.94        17
65       0.97      0.92      0.94        61
70       1.00      1.00      1.00         1
71       0.89      0.92      0.91        78
72       0.98      0.95      0.97       118
75       0.00      0.00      0.00         2
76       0.88      0.88      0.88        16
78       0.00      0.00      0.00         0
79       1.00      0.82      0.90       164
80       0.00      0.00      0.00         3
81       0.96      0.93      0.94       110
84       0.93      0.93      0.93        15
85       0.33      1.00      0.50         1
86       0.91      0.95      0.93       136
87       1.00      0.25      0.40         4
89       0.64      0.82      0.72        11
90       0.00      0.00      0.00         4
91       0.41      0.84      0.55        19
92       1.00      0.20      0.33         5
93       0.75      0.86      0.80        21
94       0.98      0.98      0.98        51
96       1.00      0.33      0.50         3
97       0.78      0.54      0.64        13
99       0.93      0.97      0.95       129
101       0.33      0.06      0.11        16
102       0.62      1.00      0.77         5

accuracy                           0.89      3335
macro avg       0.72      0.66      0.66      3335
weighted avg       0.90      0.89      0.89      3335

==================
course + terms + grades
60
hidden_size=150
precision    recall  f1-score   support

1       0.90      0.77      0.83        60
2       1.00      0.80      0.89        10
3       0.90      0.79      0.84        98
5       0.99      0.94      0.97       266
6       0.97      0.97      0.97       579
7       0.75      0.93      0.83        68
9       0.60      0.38      0.46         8
11       1.00      0.95      0.97        19
13       0.84      0.98      0.91        49
14       0.88      0.95      0.91        39
15       0.76      0.76      0.76        17
16       0.79      0.88      0.83       105
18       0.00      0.00      0.00         1
20       1.00      0.30      0.46        20
24       0.83      0.83      0.83        18
26       0.99      0.97      0.98       140
28       0.00      0.00      0.00         3
29       0.60      0.60      0.60         5
32       0.89      0.95      0.92        66
33       0.40      0.40      0.40         5
35       0.91      0.89      0.90        87
36       0.91      1.00      0.95        21
37       1.00      1.00      1.00         5
40       0.85      0.89      0.87       209
44       0.92      0.97      0.94        35
45       0.90      0.75      0.82        12
47       0.00      0.00      0.00         1
48       0.94      0.91      0.93        35
49       0.87      0.94      0.90       110
51       1.00      0.50      0.67         2
52       0.60      0.55      0.57        22
54       1.00      0.58      0.74        12
56       0.50      0.25      0.33         4
57       0.94      1.00      0.97        15
58       0.00      0.00      0.00         2
59       1.00      0.67      0.80         6
60       0.78      0.86      0.82        29
61       0.00      0.00      0.00         2
63       0.94      0.99      0.96       147
64       1.00      0.94      0.97        17
65       0.97      0.97      0.97        61
70       0.00      0.00      0.00         1
71       0.90      0.95      0.92        78
72       1.00      0.98      0.99       118
75       0.00      0.00      0.00         2
76       0.82      0.88      0.85        16
78       0.00      0.00      0.00         0
79       0.99      0.94      0.96       164
80       0.00      0.00      0.00         3
81       0.96      0.95      0.95       110
84       0.87      0.87      0.87        15
85       0.50      1.00      0.67         1
86       0.92      0.96      0.94       136
87       0.50      0.25      0.33         4
89       0.73      1.00      0.85        11
90       1.00      0.25      0.40         4
91       0.43      0.79      0.56        19
92       1.00      0.40      0.57         5
93       0.75      0.86      0.80        21
94       0.98      1.00      0.99        51
96       1.00      0.33      0.50         3
97       0.86      0.46      0.60        13
99       0.95      0.98      0.97       129
101       0.00      0.00      0.00        16
102       0.56      1.00      0.71         5

accuracy                           0.91      3335
macro avg       0.72      0.67      0.68      3335
weighted avg       0.91      0.91      0.91      3335
