========== 5 =========
precision    recall  f1-score   support

1       0.00      0.00      0.00        59
2       0.03      0.25      0.05        16
3       0.14      0.19      0.17       118
4       0.00      0.00      0.00         0
5       0.30      0.07      0.11       261
6       0.57      0.26      0.36       823
7       0.40      0.34      0.37        64
9       0.00      0.00      0.00         9
10       0.00      0.00      0.00         0
11       0.00      0.00      0.00        27
12       0.00      0.00      0.00         2
13       0.19      0.04      0.07        75
14       0.07      0.13      0.09        54
15       0.00      0.00      0.00        21
16       0.14      0.17      0.15       114
18       0.00      0.00      0.00         1
19       0.00      0.00      0.00         0
20       0.03      0.10      0.04        21
21       0.00      0.00      0.00         0
24       0.00      0.00      0.00        23
25       0.00      0.00      0.00         0
26       0.31      0.03      0.05       156
27       0.00      0.00      0.00         0
28       0.00      0.00      0.00         3
29       0.00      0.00      0.00         5
30       0.00      0.00      0.00         0
32       0.32      0.09      0.14        75
33       0.00      0.00      0.00         8
34       0.00      0.00      0.00         0
35       0.14      0.03      0.05       102
36       0.03      0.06      0.04        32
37       0.06      0.20      0.09         5
38       0.00      0.00      0.00         2
39       0.00      0.00      0.00         0
40       0.09      0.09      0.09       285
43       0.00      0.00      0.00         2
44       0.00      0.00      0.00        39
45       0.01      0.07      0.01        14
47       0.00      0.00      0.00         1
48       0.50      0.07      0.12        58
49       0.17      0.21      0.19       121
51       0.05      0.25      0.08         4
52       0.00      0.00      0.00        24
54       0.03      0.11      0.05        18
55       0.00      0.00      0.00         6
56       0.00      0.00      0.00         2
57       0.01      0.05      0.02        19
58       0.00      0.00      0.00         3
59       0.00      0.00      0.00         7
60       0.15      0.07      0.09        30
61       0.00      0.00      0.00         2
63       0.12      0.04      0.06       165
64       0.25      0.05      0.08        22
65       0.32      0.21      0.26        90
66       0.00      0.00      0.00         0
70       0.00      0.00      0.00         1
71       0.28      0.10      0.15       100
72       0.28      0.07      0.12       178
73       0.00      0.00      0.00         0
74       0.00      0.00      0.00         0
75       0.00      0.00      0.00         2
76       0.07      0.03      0.05        29
78       0.00      0.00      0.00         0
79       0.12      0.01      0.02       185
80       0.00      0.00      0.00         2
81       0.10      0.12      0.11       138
83       0.00      0.00      0.00         0
84       0.00      0.00      0.00        29
85       0.00      0.00      0.00         2
86       0.09      0.11      0.10       140
87       0.00      0.00      0.00         4
89       0.06      0.44      0.10        18
90       0.00      0.00      0.00         1
91       0.04      0.25      0.06        16
92       0.00      0.00      0.00        10
93       0.00      0.00      0.00        17
94       0.35      0.08      0.13        73
96       0.00      0.00      0.00         5
97       0.05      0.12      0.07        17
98       0.00      0.00      0.00         0
99       0.21      0.11      0.14       174
101       0.00      0.00      0.00        10
102       0.02      0.17      0.03         6

accuracy                           0.12      4145
macro avg       0.07      0.06      0.05      4145
weighted avg       0.25      0.12      0.15      4145


====== 10 =====

precision    recall  f1-score   support

1       0.00      0.00      0.00        59
2       0.05      0.38      0.09        16
3       0.19      0.26      0.22       118
4       0.00      0.00      0.00         0
5       0.45      0.08      0.14       261
6       0.59      0.45      0.51       823
7       0.54      0.41      0.46        64
9       0.07      0.11      0.08         9
10       0.00      0.00      0.00         0
11       0.25      0.11      0.15        27
12       0.00      0.00      0.00         2
13       0.40      0.16      0.23        75
14       0.14      0.41      0.21        54
15       0.00      0.00      0.00        21
16       0.21      0.28      0.24       114
18       0.00      0.00      0.00         1
19       0.00      0.00      0.00         0
20       0.11      0.43      0.18        21
21       0.00      0.00      0.00         0
24       0.50      0.17      0.26        23
25       0.00      0.00      0.00         0
26       0.57      0.08      0.15       156
27       0.00      0.00      0.00         0
28       0.00      0.00      0.00         3
29       0.00      0.00      0.00         5
30       0.00      0.00      0.00         0
32       0.25      0.07      0.11        75
33       0.17      0.25      0.20         8
34       0.00      0.00      0.00         0
35       0.14      0.06      0.08       102
36       0.00      0.00      0.00        32
37       0.00      0.00      0.00         5
38       0.00      0.00      0.00         2
39       0.00      0.00      0.00         0
40       0.11      0.12      0.12       285
42       0.00      0.00      0.00         0
43       0.00      0.00      0.00         2
44       0.00      0.00      0.00        39
45       0.03      0.14      0.04        14
47       0.00      0.00      0.00         1
48       0.29      0.07      0.11        58
49       0.24      0.31      0.27       121
51       0.11      0.50      0.17         4
52       0.12      0.08      0.10        24
54       0.05      0.11      0.06        18
55       0.00      0.00      0.00         6
56       0.00      0.00      0.00         2
57       0.05      0.26      0.09        19
58       0.00      0.00      0.00         3
59       0.00      0.00      0.00         7
60       0.33      0.13      0.19        30
61       0.00      0.00      0.00         2
63       0.30      0.19      0.23       165
64       0.25      0.05      0.08        22
65       0.40      0.23      0.30        90
66       0.00      0.00      0.00         0
70       0.00      0.00      0.00         1
71       0.43      0.19      0.26       100
72       0.28      0.13      0.18       178
73       0.00      0.00      0.00         0
74       0.00      0.00      0.00         0
75       0.00      0.00      0.00         2
76       0.20      0.03      0.06        29
78       0.00      0.00      0.00         0
79       0.14      0.02      0.04       185
80       0.00      0.00      0.00         2
81       0.17      0.26      0.21       138
83       0.00      0.00      0.00         0
84       0.22      0.07      0.11        29
85       0.00      0.00      0.00         2
86       0.14      0.14      0.14       140
87       0.00      0.00      0.00         4
89       0.15      0.56      0.23        18
90       0.00      0.00      0.00         1
91       0.05      0.38      0.10        16
92       0.00      0.00      0.00        10
93       0.00      0.00      0.00        17
94       0.29      0.16      0.21        73
96       0.00      0.00      0.00         5
97       0.14      0.35      0.20        17
99       0.30      0.15      0.20       174
100       0.00      0.00      0.00         0
101       0.00      0.00      0.00        10
102       0.04      0.33      0.07         6
104       0.00      0.00      0.00         0

accuracy                           0.21      4145
macro avg       0.11      0.10      0.08      4145
weighted avg       0.31      0.21      0.23      4145

====== 20 ======

precision    recall  f1-score   support

1       0.00      0.00      0.00        59
2       0.21      0.56      0.31        16
3       0.51      0.54      0.53       118
5       0.72      0.31      0.43       261
6       0.68      0.72      0.70       823
7       0.71      0.53      0.61        64
9       0.50      0.22      0.31         9
10       0.00      0.00      0.00         0
11       0.46      0.48      0.47        27
12       0.00      0.00      0.00         2
13       0.60      0.67      0.63        75
14       0.35      0.54      0.42        54
15       0.00      0.00      0.00        21
16       0.42      0.59      0.49       114
18       0.00      0.00      0.00         1
19       0.00      0.00      0.00         0
20       0.25      0.38      0.30        21
21       0.00      0.00      0.00         0
24       0.50      0.13      0.21        23
25       0.00      0.00      0.00         0
26       0.73      0.37      0.49       156
27       0.00      0.00      0.00         0
28       0.00      0.00      0.00         3
29       0.00      0.00      0.00         5
30       0.00      0.00      0.00         0
32       0.42      0.20      0.27        75
33       0.00      0.00      0.00         8
35       0.50      0.35      0.41       102
36       0.16      0.19      0.17        32
37       0.20      0.40      0.27         5
38       0.00      0.00      0.00         2
39       0.00      0.00      0.00         0
40       0.23      0.48      0.31       285
42       0.00      0.00      0.00         0
43       0.00      0.00      0.00         2
44       0.53      0.21      0.30        39
45       0.27      0.21      0.24        14
47       0.00      0.00      0.00         1
48       0.42      0.33      0.37        58
49       0.34      0.66      0.45       121
51       0.50      0.75      0.60         4
52       0.20      0.12      0.15        24
54       0.16      0.17      0.16        18
55       0.00      0.00      0.00         6
56       0.00      0.00      0.00         2
57       0.24      0.21      0.22        19
58       0.00      0.00      0.00         3
59       0.00      0.00      0.00         7
60       0.40      0.13      0.20        30
61       0.00      0.00      0.00         2
63       0.50      0.53      0.52       165
64       0.00      0.00      0.00        22
65       0.54      0.52      0.53        90
66       0.00      0.00      0.00         0
70       0.00      0.00      0.00         1
71       0.56      0.51      0.53       100
72       0.51      0.52      0.51       178
73       0.00      0.00      0.00         0
74       0.00      0.00      0.00         0
75       0.00      0.00      0.00         2
76       0.36      0.17      0.23        29
78       0.00      0.00      0.00         0
79       0.52      0.12      0.19       185
80       0.00      0.00      0.00         2
81       0.49      0.53      0.51       138
83       0.00      0.00      0.00         0
84       0.71      0.17      0.28        29
85       0.00      0.00      0.00         2
86       0.44      0.29      0.35       140
87       0.00      0.00      0.00         4
89       0.30      0.72      0.43        18
90       0.00      0.00      0.00         1
91       0.06      0.25      0.10        16
92       0.00      0.00      0.00        10
93       0.50      0.06      0.11        17
94       0.47      0.60      0.53        73
96       1.00      0.20      0.33         5
97       0.32      0.53      0.40        17
98       0.00      0.00      0.00         0
99       0.47      0.47      0.47       174
101       0.00      0.00      0.00        10
102       0.29      0.67      0.40         6

accuracy                           0.46      4145
macro avg       0.23      0.21      0.20      4145
weighted avg       0.50      0.46      0.45      4145

===== 30 =====
precision    recall  f1-score   support

1       0.00      0.00      0.00        59
2       0.67      0.50      0.57        16
3       0.66      0.66      0.66       118
5       0.84      0.81      0.83       261
6       0.80      0.83      0.82       823
7       0.78      0.56      0.65        64
9       0.50      0.22      0.31         9
11       0.67      0.74      0.70        27
12       0.00      0.00      0.00         2
13       0.71      0.81      0.76        75
14       0.75      0.70      0.72        54
15       0.00      0.00      0.00        21
16       0.64      0.68      0.66       114
18       0.00      0.00      0.00         1
19       0.00      0.00      0.00         0
20       0.50      0.29      0.36        21
24       0.55      0.26      0.35        23
26       0.79      0.64      0.71       156
28       0.00      0.00      0.00         3
29       0.00      0.00      0.00         5
32       0.68      0.51      0.58        75
33       0.00      0.00      0.00         8
35       0.55      0.54      0.54       102
36       0.62      0.41      0.49        32
37       0.57      0.80      0.67         5
38       0.00      0.00      0.00         2
39       0.00      0.00      0.00         0
40       0.34      0.79      0.48       285
43       0.00      0.00      0.00         2
44       0.57      0.62      0.59        39
45       0.60      0.21      0.32        14
47       0.00      0.00      0.00         1
48       0.67      0.53      0.60        58
49       0.53      0.82      0.64       121
51       1.00      0.50      0.67         4
52       0.00      0.00      0.00        24
54       0.21      0.22      0.22        18
55       0.00      0.00      0.00         6
56       0.00      0.00      0.00         2
57       0.89      0.42      0.57        19
58       0.00      0.00      0.00         3
59       0.00      0.00      0.00         7
60       0.50      0.23      0.32        30
61       0.00      0.00      0.00         2
63       0.58      0.69      0.63       165
64       1.00      0.36      0.53        22
65       0.66      0.66      0.66        90
70       0.00      0.00      0.00         1
71       0.68      0.72      0.70       100
72       0.75      0.79      0.77       178
73       0.00      0.00      0.00         0
75       0.00      0.00      0.00         2
76       0.82      0.31      0.45        29
78       0.00      0.00      0.00         0
79       0.83      0.13      0.22       185
80       0.00      0.00      0.00         2
81       0.79      0.80      0.80       138
84       0.83      0.17      0.29        29
85       0.00      0.00      0.00         2
86       0.82      0.49      0.62       140
87       0.00      0.00      0.00         4
89       0.39      0.78      0.52        18
90       0.00      0.00      0.00         1
91       0.22      0.50      0.31        16
92       0.00      0.00      0.00        10
93       0.80      0.24      0.36        17
94       0.78      0.82      0.80        73
96       1.00      0.20      0.33         5
97       0.48      0.65      0.55        17
99       0.61      0.68      0.64       174
101       0.00      0.00      0.00        10
102       0.71      0.83      0.77         6

accuracy                           0.64      4145
macro avg       0.41      0.34      0.34      4145
weighted avg       0.67      0.64      0.63      4145


===== 40 =====

precision    recall  f1-score   support

1       0.00      0.00      0.00        59
2       0.75      0.56      0.64        16
3       0.70      0.75      0.73       118
5       0.86      0.89      0.87       261
6       0.87      0.88      0.88       823
7       0.79      0.59      0.68        64
9       0.00      0.00      0.00         9
11       0.75      0.89      0.81        27
12       0.00      0.00      0.00         2
13       0.77      0.85      0.81        75
14       0.85      0.74      0.79        54
15       0.00      0.00      0.00        21
16       0.77      0.70      0.73       114
18       0.00      0.00      0.00         1
20       0.67      0.38      0.48        21
24       0.71      0.43      0.54        23
26       0.86      0.74      0.79       156
27       0.00      0.00      0.00         0
28       0.00      0.00      0.00         3
29       1.00      0.20      0.33         5
30       0.00      0.00      0.00         0
32       0.73      0.69      0.71        75
33       0.00      0.00      0.00         8
35       0.67      0.71      0.69       102
36       0.79      0.59      0.68        32
37       0.56      1.00      0.71         5
38       0.00      0.00      0.00         2
40       0.43      0.87      0.58       285
43       0.00      0.00      0.00         2
44       0.77      0.77      0.77        39
45       0.71      0.36      0.48        14
47       0.00      0.00      0.00         1
48       0.70      0.67      0.68        58
49       0.70      0.85      0.77       121
51       1.00      0.50      0.67         4
52       0.33      0.04      0.07        24
54       0.50      0.39      0.44        18
55       0.00      0.00      0.00         6
56       0.00      0.00      0.00         2
57       0.93      0.68      0.79        19
58       0.00      0.00      0.00         3
59       0.00      0.00      0.00         7
60       0.61      0.37      0.46        30
61       0.00      0.00      0.00         2
63       0.68      0.81      0.74       165
64       0.88      0.68      0.77        22
65       0.68      0.82      0.74        90
70       0.00      0.00      0.00         1
71       0.75      0.82      0.78       100
72       0.87      0.90      0.88       178
75       0.00      0.00      0.00         2
76       0.79      0.38      0.51        29
78       0.00      0.00      0.00         0
79       0.97      0.33      0.49       185
80       0.00      0.00      0.00         2
81       0.88      0.81      0.85       138
84       0.89      0.28      0.42        29
85       0.00      0.00      0.00         2
86       0.90      0.71      0.79       140
87       0.00      0.00      0.00         4
89       0.52      0.83      0.64        18
90       0.00      0.00      0.00         1
91       0.31      0.62      0.42        16
92       0.00      0.00      0.00        10
93       0.62      0.29      0.40        17
94       0.88      0.96      0.92        73
96       0.00      0.00      0.00         5
97       0.61      0.65      0.63        17
99       0.68      0.82      0.74       174
101       0.00      0.00      0.00        10
102       0.83      0.83      0.83         6

accuracy                           0.74      4145
macro avg       0.46      0.40      0.41      4145
weighted avg       0.74      0.74      0.72      4145

======= 50 ======

precision    recall  f1-score   support

1       0.00      0.00      0.00        59
2       0.75      0.56      0.64        16
3       0.71      0.81      0.76       118
5       0.89      0.93      0.91       261
6       0.87      0.90      0.88       823
7       0.80      0.52      0.63        64
9       0.00      0.00      0.00         9
11       0.77      0.89      0.83        27
12       0.00      0.00      0.00         2
13       0.78      0.87      0.82        75
14       0.87      0.72      0.79        54
15       0.00      0.00      0.00        21
16       0.85      0.68      0.75       114
18       0.00      0.00      0.00         1
20       0.70      0.33      0.45        21
24       0.74      0.74      0.74        23
26       0.88      0.80      0.84       156
28       0.00      0.00      0.00         3
29       1.00      0.20      0.33         5
32       0.73      0.71      0.72        75
33       0.00      0.00      0.00         8
35       0.65      0.73      0.69       102
36       0.89      0.75      0.81        32
37       0.57      0.80      0.67         5
38       0.00      0.00      0.00         2
40       0.50      0.87      0.64       285
43       0.00      0.00      0.00         2
44       0.82      0.85      0.84        39
45       0.75      0.43      0.55        14
47       0.00      0.00      0.00         1
48       0.75      0.74      0.75        58
49       0.77      0.87      0.82       121
51       1.00      0.50      0.67         4
52       0.00      0.00      0.00        24
54       0.60      0.33      0.43        18
55       0.00      0.00      0.00         6
56       0.00      0.00      0.00         2
57       0.93      0.68      0.79        19
58       0.00      0.00      0.00         3
59       0.00      0.00      0.00         7
60       0.71      0.40      0.51        30
61       0.00      0.00      0.00         2
63       0.72      0.85      0.78       165
64       0.85      0.77      0.81        22
65       0.71      0.88      0.79        90
70       0.00      0.00      0.00         1
71       0.79      0.88      0.83       100
72       0.90      0.92      0.91       178
75       0.00      0.00      0.00         2
76       0.86      0.62      0.72        29
78       0.00      0.00      0.00         0
79       0.98      0.59      0.74       185
80       0.00      0.00      0.00         2
81       0.87      0.82      0.84       138
84       1.00      0.45      0.62        29
85       0.00      0.00      0.00         2
86       0.90      0.74      0.81       140
87       0.00      0.00      0.00         4
89       0.60      0.83      0.70        18
90       0.00      0.00      0.00         1
91       0.29      0.69      0.41        16
92       0.00      0.00      0.00        10
93       0.73      0.47      0.57        17
94       0.91      0.97      0.94        73
96       0.50      0.20      0.29         5
97       0.67      0.59      0.62        17
99       0.71      0.87      0.79       174
101       0.00      0.00      0.00        10
102       0.80      0.67      0.73         6

accuracy                           0.78      4145
macro avg       0.49      0.44      0.45      4145
weighted avg       0.77      0.78      0.76      4145

===== 60 ======

precision    recall  f1-score   support

1       0.00      0.00      0.00        59
2       0.75      0.56      0.64        16
3       0.71      0.82      0.76       118
5       0.90      0.94      0.92       261
6       0.88      0.90      0.89       823
7       0.80      0.56      0.66        64
9       0.25      0.11      0.15         9
11       0.81      0.93      0.86        27
12       0.00      0.00      0.00         2
13       0.78      0.85      0.82        75
14       0.87      0.72      0.79        54
15       0.00      0.00      0.00        21
16       0.88      0.68      0.77       114
18       0.00      0.00      0.00         1
20       0.70      0.33      0.45        21
24       0.71      0.74      0.72        23
26       0.88      0.81      0.85       156
28       0.00      0.00      0.00         3
29       1.00      0.40      0.57         5
32       0.74      0.73      0.74        75
33       0.00      0.00      0.00         8
35       0.62      0.72      0.67       102
36       0.89      0.78      0.83        32
37       0.67      0.80      0.73         5
38       0.00      0.00      0.00         2
40       0.53      0.88      0.66       285
43       0.00      0.00      0.00         2
44       0.81      0.87      0.84        39
45       0.80      0.57      0.67        14
47       0.00      0.00      0.00         1
48       0.72      0.72      0.72        58
49       0.81      0.88      0.84       121
51       1.00      0.50      0.67         4
52       0.00      0.00      0.00        24
54       0.70      0.39      0.50        18
55       0.00      0.00      0.00         6
56       0.00      0.00      0.00         2
57       0.93      0.68      0.79        19
58       0.00      0.00      0.00         3
59       0.00      0.00      0.00         7
60       0.71      0.40      0.51        30
61       0.00      0.00      0.00         2
63       0.75      0.88      0.81       165
64       0.82      0.82      0.82        22
65       0.73      0.91      0.81        90
70       0.00      0.00      0.00         1
71       0.79      0.88      0.83       100
72       0.91      0.93      0.92       178
75       0.00      0.00      0.00         2
76       0.86      0.66      0.75        29
78       0.00      0.00      0.00         0
79       0.97      0.64      0.77       185
80       0.00      0.00      0.00         2
81       0.88      0.83      0.85       138
84       0.93      0.48      0.64        29
85       0.00      0.00      0.00         2
86       0.91      0.74      0.82       140
87       0.00      0.00      0.00         4
89       0.56      0.78      0.65        18
90       0.00      0.00      0.00         1
91       0.30      0.69      0.42        16
92       0.00      0.00      0.00        10
93       0.75      0.53      0.62        17
94       0.94      0.99      0.96        73
96       0.67      0.40      0.50         5
97       0.62      0.59      0.61        17
99       0.72      0.89      0.79       174
101       0.00      0.00      0.00        10
102       1.00      0.83      0.91         6

accuracy                           0.79      4145
macro avg       0.51      0.46      0.47      4145
weighted avg       0.78      0.79      0.77      4145

========== full length =======
precision    recall  f1-score   support

1       0.00      0.00      0.00        59
2       0.75      0.56      0.64        16
3       0.71      0.82      0.76       118
5       0.90      0.94      0.92       261
6       0.88      0.90      0.89       823
7       0.82      0.56      0.67        64
9       0.25      0.11      0.15         9
11       0.81      0.93      0.86        27
12       0.00      0.00      0.00         2
13       0.79      0.87      0.83        75
14       0.87      0.74      0.80        54
15       0.00      0.00      0.00        21
16       0.88      0.68      0.77       114
18       0.00      0.00      0.00         1
20       0.70      0.33      0.45        21
24       0.71      0.74      0.72        23
26       0.88      0.81      0.85       156
28       0.00      0.00      0.00         3
29       1.00      0.40      0.57         5
32       0.74      0.73      0.74        75
33       0.00      0.00      0.00         8
35       0.63      0.73      0.68       102
36       0.90      0.81      0.85        32
37       0.67      0.80      0.73         5
38       0.00      0.00      0.00         2
40       0.54      0.88      0.67       285
43       0.00      0.00      0.00         2
44       0.81      0.90      0.85        39
45       0.80      0.57      0.67        14
47       0.00      0.00      0.00         1
48       0.72      0.72      0.72        58
49       0.81      0.87      0.84       121
51       1.00      0.50      0.67         4
52       1.00      0.04      0.08        24
54       0.67      0.33      0.44        18
55       0.00      0.00      0.00         6
56       0.00      0.00      0.00         2
57       0.93      0.68      0.79        19
58       0.00      0.00      0.00         3
59       0.00      0.00      0.00         7
60       0.71      0.40      0.51        30
61       0.00      0.00      0.00         2
63       0.75      0.88      0.81       165
64       0.83      0.86      0.84        22
65       0.73      0.93      0.82        90
70       0.00      0.00      0.00         1
71       0.80      0.88      0.84       100
72       0.91      0.93      0.92       178
75       0.00      0.00      0.00         2
76       0.87      0.69      0.77        29
78       0.00      0.00      0.00         0
79       0.98      0.66      0.79       185
80       0.00      0.00      0.00         2
81       0.88      0.83      0.85       138
84       0.93      0.48      0.64        29
85       0.00      0.00      0.00         2
86       0.93      0.76      0.84       140
87       0.00      0.00      0.00         4
89       0.67      0.78      0.72        18
90       0.00      0.00      0.00         1
91       0.29      0.69      0.41        16
92       0.00      0.00      0.00        10
93       0.75      0.53      0.62        17
94       0.93      0.97      0.95        73
96       0.67      0.40      0.50         5
97       0.59      0.59      0.59        17
99       0.72      0.88      0.79       174
101       0.00      0.00      0.00        10
102       1.00      0.83      0.91         6

accuracy                           0.79      4145
macro avg       0.52      0.46      0.47      4145
weighted avg       0.79      0.79      0.78      4145
