10 train and predicts
w/ augmentation

precision    recall  f1-score   support

1       0.32      0.54      0.40       600
2       0.39      0.20      0.26       100
3       0.30      0.32      0.31       196
5       0.00      0.00      0.00       266
6       0.00      0.00      0.00       579
7       0.50      0.54      0.52       204
9       0.29      0.12      0.17        80
11       0.22      0.20      0.21        95
13       0.53      0.52      0.52       196
14       0.22      0.29      0.25       117
15       0.00      0.00      0.00       170
16       0.21      0.18      0.19       210
18       0.00      0.00      0.00        10
20       0.56      0.36      0.44       160
24       0.49      0.12      0.19       180
26       0.00      0.00      0.00       140
28       0.00      0.00      0.00        30
29       0.00      0.00      0.00        50
32       0.17      0.13      0.15       132
33       0.30      0.60      0.40        50
35       0.42      0.23      0.30       348
36       0.17      0.18      0.18       126
37       0.00      0.00      0.00        50
40       0.17      0.13      0.15       418
44       0.29      0.14      0.19       210
45       0.71      0.25      0.37       120
47       0.00      0.00      0.00        10
48       0.17      0.28      0.21       140
49       0.24      0.33      0.28       220
51       0.00      0.00      0.00        20
52       0.00      0.00      0.00       220
53       0.00      0.00      0.00         0
54       0.14      0.08      0.11        72
56       0.00      0.00      0.00        40
57       0.07      0.37      0.12       150
58       0.00      0.00      0.00        20
59       0.50      0.02      0.03        60
60       0.34      0.25      0.29       174
61       0.00      0.00      0.00        20
63       0.32      0.24      0.27       294
64       0.06      0.01      0.02       102
65       0.24      0.25      0.24       183
70       0.00      0.00      0.00        10
71       0.18      0.27      0.22       156
72       0.30      0.23      0.26       236
75       0.00      0.00      0.00        20
76       0.26      0.33      0.29       160
78       0.00      0.00      0.00         0
79       0.29      0.22      0.25       328
80       0.00      0.00      0.00        30
81       0.31      0.20      0.25       220
84       0.23      0.15      0.18       150
85       0.00      0.00      0.00        10
86       0.18      0.50      0.27       272
87       0.00      0.00      0.00        40
88       0.00      0.00      0.00         0
89       0.31      0.68      0.43        99
90       0.00      0.00      0.00        40
91       0.10      0.27      0.14       133
92       0.00      0.00      0.00        50
93       0.15      0.35      0.21       210
94       0.24      0.34      0.28       204
96       0.61      0.57      0.59        30
97       0.49      0.48      0.49       130
99       0.18      0.45      0.26       387
101       0.36      0.03      0.05       160
102       0.29      0.20      0.24        50

accuracy                           0.24      9687
macro avg       0.19      0.18      0.17      9687
weighted avg       0.24      0.24      0.22      9687

10 train and predicts
w/out augmentation

precision    recall  f1-score   support

1       0.06      0.03      0.04        60
2       0.67      0.20      0.31        10
3       0.29      0.39      0.33        98
5       0.37      0.54      0.44       266 HUMBI
6       0.51      0.70      0.59       579 CS
7       0.49      0.32      0.39        68
9       0.00      0.00      0.00         8
11       0.00      0.00      0.00        19
13       0.42      0.51      0.46        49
14       0.19      0.21      0.20        39
15       0.00      0.00      0.00        17
16       0.24      0.22      0.23       105
18       0.00      0.00      0.00         1
20       0.50      0.10      0.17        20
24       0.33      0.06      0.10        18
26       0.39      0.51      0.44       140
28       0.00      0.00      0.00         3
29       0.00      0.00      0.00         5
32       0.23      0.26      0.24        66
33       0.50      0.20      0.29         5
35       0.80      0.05      0.09        87
36       0.00      0.00      0.00        21
37       0.00      0.00      0.00         5
40       0.27      0.22      0.24       209
44       0.33      0.11      0.17        35
45       0.50      0.17      0.25        12
47       0.00      0.00      0.00         1
48       0.20      0.03      0.05        35
49       0.40      0.34      0.36       110
51       0.00      0.00      0.00         2
52       0.00      0.00      0.00        22
54       0.00      0.00      0.00        12
56       0.00      0.00      0.00         4
57       0.00      0.00      0.00        15
58       0.00      0.00      0.00         2
59       0.00      0.00      0.00         6
60       0.35      0.21      0.26        29
61       0.00      0.00      0.00         2
63       0.34      0.30      0.32       147
64       0.00      0.00      0.00        17
65       0.43      0.30      0.35        61
70       0.00      0.00      0.00         1
71       0.26      0.51      0.35        78
72       0.32      0.21      0.25       118
75       0.00      0.00      0.00         2
76       0.00      0.00      0.00        16
78       0.00      0.00      0.00         0
79       0.27      0.38      0.32       164
80       0.00      0.00      0.00         3
81       0.33      0.17      0.23       110
84       0.00      0.00      0.00        15
85       0.00      0.00      0.00         1
86       0.27      0.40      0.32       136
87       0.00      0.00      0.00         4
89       0.12      0.18      0.14        11
90       0.00      0.00      0.00         4
91       0.18      0.16      0.17        19
92       0.00      0.00      0.00         5
93       0.17      0.10      0.12        21
94       0.35      0.43      0.39        51
96       0.00      0.00      0.00         3
97       0.33      0.08      0.12        13
99       0.23      0.25      0.24       129
101       0.00      0.00      0.00        16
102       0.00      0.00      0.00         5

accuracy                           0.36      3335
macro avg       0.18      0.14      0.14      3335
weighted avg       0.34      0.36      0.33      3335


==============
5 train and predicts
w/ subtokenization

precision    recall  f1-score   support

1       0.00      0.00      0.00        60
2       0.00      0.00      0.00        10
3       0.15      0.21      0.18        98
5       0.21      0.47      0.29       266
6       0.35      0.46      0.39       579
7       0.33      0.19      0.24        68
9       0.00      0.00      0.00         8
10       0.00      0.00      0.00         0
11       0.00      0.00      0.00        19
13       0.25      0.14      0.18        49
14       0.25      0.13      0.17        39
15       0.00      0.00      0.00        17
16       0.09      0.11      0.10       105
17       0.00      0.00      0.00         0
18       0.00      0.00      0.00         1
20       0.33      0.15      0.21        20
24       0.00      0.00      0.00        18
26       0.15      0.23      0.18       140
28       0.00      0.00      0.00         3
29       0.00      0.00      0.00         5
32       0.07      0.08      0.07        66
33       0.67      0.40      0.50         5
35       0.00      0.00      0.00        87
36       0.00      0.00      0.00        21
37       0.00      0.00      0.00         5
40       0.10      0.11      0.10       209
44       0.17      0.03      0.05        35
45       0.00      0.00      0.00        12
47       0.00      0.00      0.00         1
48       0.00      0.00      0.00        35
49       0.18      0.15      0.16       110
51       0.00      0.00      0.00         2
52       0.00      0.00      0.00        22
54       0.00      0.00      0.00        12
56       0.00      0.00      0.00         4
57       0.00      0.00      0.00        15
58       0.00      0.00      0.00         2
59       0.00      0.00      0.00         6
60       0.00      0.00      0.00        29
61       0.00      0.00      0.00         2
63       0.17      0.16      0.16       147
64       0.00      0.00      0.00        17
65       0.18      0.18      0.18        61
70       0.00      0.00      0.00         1
71       0.13      0.21      0.16        78
72       0.10      0.03      0.05       118
73       0.00      0.00      0.00         0
75       0.00      0.00      0.00         2
76       0.20      0.06      0.10        16
78       0.00      0.00      0.00         0
79       0.18      0.17      0.17       164
80       0.00      0.00      0.00         3
81       0.24      0.24      0.24       110
84       0.00      0.00      0.00        15
85       0.00      0.00      0.00         1
86       0.17      0.15      0.16       136
87       0.00      0.00      0.00         4
89       0.11      0.18      0.13        11
90       0.00      0.00      0.00         4
91       0.12      0.05      0.07        19
92       0.00      0.00      0.00         5
93       0.00      0.00      0.00        21
94       0.21      0.14      0.17        51
96       1.00      0.33      0.50         3
97       1.00      0.08      0.14        13
99       0.07      0.04      0.05       129
101       0.00      0.00      0.00        16
102       0.00      0.00      0.00         5

accuracy                           0.20      3335
macro avg       0.11      0.07      0.08      3335
weighted avg       0.18      0.20      0.18      3335
