== 5 ==
precision    recall  f1-score   support

1       0.17      0.08      0.11        13
2       0.00      0.00      0.00         8
3       0.26      0.33      0.29       126
5       0.31      0.58      0.41       334
6       0.37      0.60      0.45       280
7       0.42      0.45      0.43        55
8       0.00      0.00      0.00         5
9       0.00      0.00      0.00        15
10       0.00      0.00      0.00         8
11       0.18      0.06      0.09        35
13       0.39      0.46      0.42        46
14       0.50      0.23      0.31        66
15       0.00      0.00      0.00         2
16       0.27      0.21      0.24       173
17       0.00      0.00      0.00        11
18       0.00      0.00      0.00         2
19       0.40      0.18      0.25        11
20       0.54      0.28      0.37        25
22       0.00      0.00      0.00         1
24       0.33      0.15      0.21        13
26       0.31      0.48      0.38       230
27       0.89      0.80      0.84        10
28       0.00      0.00      0.00         1
29       0.00      0.00      0.00         4
30       0.00      0.00      0.00         5
31       0.00      0.00      0.00         2
32       0.32      0.19      0.24       115
33       0.00      0.00      0.00         4
35       0.25      0.02      0.04        45
36       0.40      0.07      0.12        29
40       0.19      0.10      0.13       172
41       0.00      0.00      0.00         2
44       0.36      0.10      0.15        41
45       0.00      0.00      0.00        11
47       0.00      0.00      0.00         1
48       0.50      0.09      0.15        44
49       0.32      0.32      0.32       149
50       0.00      0.00      0.00         8
51       0.00      0.00      0.00         5
52       0.67      0.13      0.22        15
53       0.00      0.00      0.00         2
54       0.50      0.09      0.15        34
56       0.00      0.00      0.00         1
57       0.67      0.10      0.17        20
59       0.00      0.00      0.00         4
60       0.19      0.08      0.11        37
61       0.50      0.07      0.12        14
63       0.22      0.18      0.20        89
64       0.13      0.06      0.09        32
65       0.31      0.29      0.30        62
66       0.67      0.29      0.40         7
70       0.33      0.33      0.33         3
71       0.26      0.41      0.32       125
72       0.16      0.11      0.13        99
73       0.36      0.48      0.41       121
75       0.00      0.00      0.00         1
76       0.00      0.00      0.00         9
78       0.25      0.27      0.26        15
79       0.30      0.36      0.33       105
80       0.00      0.00      0.00         2
81       0.49      0.28      0.35        90
84       0.00      0.00      0.00         8
85       0.00      0.00      0.00         8
86       0.25      0.30      0.27       105
87       0.00      0.00      0.00         1
88       0.00      0.00      0.00         1
89       0.33      0.38      0.35        16
90       0.00      0.00      0.00         6
91       0.33      0.09      0.14        23
93       0.00      0.00      0.00        12
94       0.45      0.31      0.37        48
96       0.00      0.00      0.00         3
97       1.00      0.14      0.25         7
99       0.27      0.20      0.23        74
100       0.00      0.00      0.00         1
101       0.00      0.00      0.00        11
102       0.50      0.12      0.20         8

accuracy                           0.31      3326
macro avg       0.22      0.14      0.15      3326
weighted avg       0.31      0.31      0.28      3326


== 10 ==
precision    recall  f1-score   support

1       0.50      0.23      0.32        13
2       0.50      0.12      0.20         8
3       0.34      0.38      0.36       126
5       0.42      0.58      0.48       334
6       0.51      0.68      0.58       280
7       0.45      0.51      0.48        55
8       0.00      0.00      0.00         5
9       0.20      0.13      0.16        15
10       0.22      0.25      0.24         8
11       0.35      0.17      0.23        35
13       0.45      0.54      0.49        46
14       0.44      0.26      0.32        66
15       0.00      0.00      0.00         2
16       0.34      0.35      0.34       173
17       0.29      0.18      0.22        11
18       0.00      0.00      0.00         2
19       0.44      0.36      0.40        11
20       0.60      0.24      0.34        25
22       0.00      0.00      0.00         1
24       0.50      0.15      0.24        13
26       0.37      0.64      0.47       230
27       0.80      0.80      0.80        10
28       0.00      0.00      0.00         1
29       0.00      0.00      0.00         4
30       0.00      0.00      0.00         5
31       0.00      0.00      0.00         2
32       0.40      0.20      0.27       115
33       0.00      0.00      0.00         4
35       0.33      0.04      0.08        45
36       0.33      0.10      0.16        29
40       0.32      0.18      0.23       172
41       0.00      0.00      0.00         2
44       0.35      0.17      0.23        41
45       0.17      0.09      0.12        11
47       0.00      0.00      0.00         1
48       0.41      0.16      0.23        44
49       0.31      0.36      0.33       149
50       0.00      0.00      0.00         8
51       0.00      0.00      0.00         5
52       0.00      0.00      0.00        15  
53       1.00      0.50      0.67         2                                                                                                                  [585/1939]
54       0.38      0.15      0.21        34
56       0.00      0.00      0.00         1
57       0.60      0.15      0.24        20
59       0.00      0.00      0.00         4
60       0.20      0.14      0.16        37
61       0.40      0.14      0.21        14
63       0.31      0.26      0.28        89
64       0.26      0.16      0.20        32
65       0.49      0.45      0.47        62
66       0.33      0.14      0.20         7
70       0.00      0.00      0.00         3
71       0.38      0.51      0.43       125
72       0.30      0.28      0.29        99
73       0.43      0.55      0.48       121
75       0.00      0.00      0.00         1
76       0.00      0.00      0.00         9
78       0.46      0.40      0.43        15
79       0.38      0.46      0.41       105
80       0.00      0.00      0.00         2
81       0.50      0.40      0.44        90
84       0.00      0.00      0.00         8
85       0.00      0.00      0.00         8
86       0.34      0.38      0.36       105
87       0.00      0.00      0.00         1
88       0.00      0.00      0.00         1
89       0.30      0.38      0.33        16
90       0.00      0.00      0.00         6
91       0.33      0.13      0.19        23
92       0.00      0.00      0.00         0
93       0.22      0.17      0.19        12
94       0.39      0.52      0.45        48
96       0.00      0.00      0.00         3
97       0.33      0.14      0.20         7
99       0.31      0.28      0.30        74
100       0.00      0.00      0.00         1
101       0.00      0.00      0.00        11
102       0.67      0.25      0.36         8

accuracy                           0.39      3326
macro avg       0.25      0.19      0.20      3326
weighted avg       0.37      0.39      0.36      3326


== 20 ==
precision    recall  f1-score   support

1       0.57      0.62      0.59        13
2       0.67      0.50      0.57         8
3       0.52      0.67      0.59       126
5       0.79      0.90      0.84       334
6       0.71      0.75      0.73       280
7       0.59      0.58      0.59        55
8       0.00      0.00      0.00         5
9       0.25      0.20      0.22        15
10       0.20      0.12      0.15         8
11       0.39      0.31      0.35        35
13       0.72      0.78      0.75        46
14       0.76      0.67      0.71        66
15       0.00      0.00      0.00         2
16       0.54      0.55      0.55       173
17       0.50      0.45      0.48        11
18       0.00      0.00      0.00         2
19       0.67      0.55      0.60        11
20       0.71      0.60      0.65        25
22       0.00      0.00      0.00         1
24       0.25      0.15      0.19        13
26       0.65      0.77      0.70       230
27       0.89      0.80      0.84        10
28       0.00      0.00      0.00         1
29       0.00      0.00      0.00         4
30       0.00      0.00      0.00         5
31       0.00      0.00      0.00         2
32       0.65      0.52      0.58       115
33       0.00      0.00      0.00         4
35       0.62      0.33      0.43        45
36       0.46      0.41      0.44        29
37       0.00      0.00      0.00         0
40       0.54      0.41      0.47       172
41       0.00      0.00      0.00         2
44       0.65      0.41      0.51        41
45       0.67      0.36      0.47        11
47       0.00      0.00      0.00         1
48       0.57      0.27      0.37        44
49       0.57      0.70      0.63       149
50       0.00      0.00      0.00         8
51       0.00      0.00      0.00         5
52       0.43      0.20      0.27        15
53       1.00      0.50      0.67         2
54       0.54      0.41      0.47        34
56       0.00      0.00      0.00         1
57       0.73      0.55      0.63        20
59       0.00      0.00      0.00         4
60       0.57      0.46      0.51        37
61       0.75      0.21      0.33        14
63       0.73      0.45      0.56        89
64       0.50      0.50      0.50        32
65       0.61      0.69      0.65        62
66       0.43      0.43      0.43         7
70       0.12      0.33      0.18         3
71       0.65      0.64      0.65       125
72       0.65      0.66      0.65        99
73       0.66      0.74      0.70       121
75       0.00      0.00      0.00         1
76       0.20      0.22      0.21         9
78       0.39      0.47      0.42        15
79       0.53      0.73      0.61       105
80       0.33      0.50      0.40         2
81       0.80      0.84      0.82        90
84       0.57      0.50      0.53         8
85       0.33      0.12      0.18         8
86       0.53      0.61      0.57       105
87       0.00      0.00      0.00         1
88       0.00      0.00      0.00         1
89       0.41      0.69      0.51        16
90       0.00      0.00      0.00         6
91       0.29      0.22      0.25        23
93       0.14      0.17      0.15        12
94       0.63      0.77      0.69        48
96       0.00      0.00      0.00         3
97       0.67      0.29      0.40         7
99       0.49      0.51      0.50        74
100       0.00      0.00      0.00         1
101       0.00      0.00      0.00        11
102       0.75      0.75      0.75         8

accuracy                           0.62      3326
macro avg       0.39      0.35      0.36      3326
weighted avg       0.61      0.62      0.61      3326
