== 5 ==
precision    recall  f1-score   support

1       0.22      0.15      0.18        13
2       1.00      0.12      0.22         8
3       0.24      0.26      0.25       126
5       0.30      0.54      0.38       334
6       0.41      0.59      0.48       280
7       0.38      0.44      0.40        55
8       0.00      0.00      0.00         5
9       0.38      0.20      0.26        15
10       0.33      0.12      0.18         8
11       0.25      0.11      0.16        35
13       0.43      0.46      0.44        46
14       0.39      0.20      0.26        66
15       0.00      0.00      0.00         2
16       0.21      0.23      0.22       173
17       0.00      0.00      0.00        11
18       0.00      0.00      0.00         2
19       0.25      0.09      0.13        11
20       0.46      0.24      0.32        25
22       0.00      0.00      0.00         1
24       0.17      0.08      0.11        13
26       0.31      0.45      0.37       230
27       0.89      0.80      0.84        10
28       0.00      0.00      0.00         1
29       0.00      0.00      0.00         4
30       0.00      0.00      0.00         5
31       0.00      0.00      0.00         2
32       0.38      0.22      0.28       115
33       1.00      0.25      0.40         4
35       0.25      0.02      0.04        45
36       0.33      0.14      0.20        29
40       0.22      0.16      0.19       172
41       0.00      0.00      0.00         2
44       0.33      0.12      0.18        41
45       0.25      0.09      0.13        11
47       0.00      0.00      0.00         1
48       0.58      0.16      0.25        44
49       0.34      0.34      0.34       149
50       0.00      0.00      0.00         8
51       0.00      0.00      0.00         5
52       0.00      0.00      0.00        15
53       0.00      0.00      0.00         2
54       0.36      0.15      0.21        34
56       0.00      0.00      0.00         1
57       0.40      0.10      0.16        20
59       0.00      0.00      0.00         4
60       0.18      0.11      0.14        37
61       0.50      0.07      0.12        14
63       0.24      0.21      0.22        89
64       0.18      0.09      0.12        32
65       0.26      0.27      0.27        62
66       0.00      0.00      0.00         7
70       0.00      0.00      0.00         3
71       0.31      0.41      0.35       125
72       0.21      0.21      0.21        99
73       0.41      0.45      0.43       121
75       0.00      0.00      0.00         1
76       0.00      0.00      0.00         9
78       0.29      0.33      0.31        15
79       0.31      0.31      0.31       105
80       0.00      0.00      0.00         2
81       0.41      0.31      0.35        90
84       0.00      0.00      0.00         8
85       0.00      0.00      0.00         8
86       0.31      0.30      0.30       105
87       0.00      0.00      0.00         1
88       0.00      0.00      0.00         1
89       0.25      0.31      0.28        16
90       0.00      0.00      0.00         6
91       0.17      0.04      0.07        23
93       0.00      0.00      0.00        12
94       0.39      0.25      0.30        48
96       0.00      0.00      0.00         3
97       0.33      0.14      0.20         7
99       0.09      0.07      0.08        74
100       0.00      0.00      0.00         1
101       0.00      0.00      0.00        11
102       0.00      0.00      0.00         8
104       0.00      0.00      0.00         0

accuracy                           0.31      3326
macro avg       0.20      0.14      0.15      3326
weighted avg       0.30      0.31      0.29      3326


== 10 ==

precision    recall  f1-score   support

1       0.33      0.15      0.21        13
2       0.00      0.00      0.00         8
3       0.30      0.38      0.33       126
5       0.40      0.53      0.45       334
6       0.53      0.66      0.59       280
7       0.52      0.53      0.52        55
8       1.00      0.20      0.33         5
9       0.00      0.00      0.00        15
10       0.15      0.25      0.19         8
11       0.30      0.09      0.13        35
13       0.47      0.54      0.51        46
14       0.35      0.20      0.25        66
15       0.00      0.00      0.00         2
16       0.32      0.31      0.32       173
17       0.00      0.00      0.00        11
18       0.00      0.00      0.00         2
19       0.75      0.27      0.40        11
20       0.54      0.28      0.37        25
22       0.00      0.00      0.00         1
24       0.20      0.08      0.11        13
26       0.40      0.57      0.47       230
27       1.00      0.80      0.89        10
28       0.00      0.00      0.00         1
29       0.00      0.00      0.00         4
30       0.00      0.00      0.00         5
31       0.00      0.00      0.00         2
32       0.37      0.27      0.31       115
33       0.00      0.00      0.00         4
35       0.29      0.04      0.08        45
36       0.67      0.14      0.23        29
40       0.27      0.18      0.22       172
41       0.00      0.00      0.00         2
44       0.47      0.22      0.30        41
45       0.33      0.09      0.14        11
47       0.00      0.00      0.00         1
48       0.40      0.18      0.25        44
49       0.33      0.40      0.36       149
50       0.00      0.00      0.00         8
51       0.00      0.00      0.00         5
52       0.00      0.00      0.00        15
53       0.00      0.00      0.00         2
54       0.40      0.18      0.24        34
56       0.00      0.00      0.00         1
57       0.50      0.10      0.17        20
59       0.00      0.00      0.00         4
60       0.22      0.14      0.17        37
61       0.00      0.00      0.00        14
63       0.31      0.24      0.27        89
64       0.28      0.16      0.20        32
65       0.40      0.37      0.38        62
66       0.00      0.00      0.00         7
70       1.00      0.33      0.50         3
71       0.36      0.55      0.44       125
72       0.28      0.32      0.30        99
73       0.41      0.60      0.49       121
75       0.00      0.00      0.00         1
76       0.00      0.00      0.00         9
78       0.41      0.47      0.44        15
79       0.44      0.50      0.46       105
80       0.00      0.00      0.00         2
81       0.55      0.42      0.48        90
84       0.00      0.00      0.00         8
85       1.00      0.12      0.22         8
86       0.31      0.48      0.38       105
87       0.00      0.00      0.00         1
88       0.00      0.00      0.00         1
89       0.36      0.31      0.33        16
90       0.00      0.00      0.00         6
91       0.25      0.09      0.13        23
93       0.12      0.08      0.10        12
94       0.33      0.40      0.36        48
96       0.00      0.00      0.00         3
97       0.50      0.14      0.22         7
99       0.31      0.31      0.31        74
100       0.00      0.00      0.00         1
101       0.00      0.00      0.00        11
102       0.67      0.25      0.36         8

accuracy                           0.38      3326
macro avg       0.26      0.18      0.19      3326
weighted avg       0.37      0.38      0.36      3326


== 20 ==

precision    recall  f1-score   support

1       0.62      0.62      0.62        13
2       0.56      0.62      0.59         8
3       0.55      0.58      0.56       126
5       0.81      0.92      0.86       334
6       0.69      0.76      0.72       280
7       0.57      0.51      0.54        55
8       0.00      0.00      0.00         5
9       0.21      0.20      0.21        15
10       0.17      0.12      0.14         8
11       0.35      0.31      0.33        35
13       0.84      0.78      0.81        46
14       0.75      0.65      0.70        66
15       0.00      0.00      0.00         2
16       0.60      0.54      0.57       173
17       0.56      0.45      0.50        11
18       0.00      0.00      0.00         2
19       0.83      0.45      0.59        11
20       0.87      0.52      0.65        25
22       0.00      0.00      0.00         1
24       0.33      0.15      0.21        13
26       0.65      0.76      0.70       230
27       1.00      0.80      0.89        10
28       0.00      0.00      0.00         1
29       0.00      0.00      0.00         4
30       0.00      0.00      0.00         5
31       0.00      0.00      0.00         2
32       0.64      0.61      0.62       115
33       0.33      0.25      0.29         4
35       0.50      0.42      0.46        45
36       0.41      0.41      0.41        29
37       0.00      0.00      0.00         0
40       0.55      0.44      0.49       172
41       0.00      0.00      0.00         2
44       0.61      0.41      0.49        41
45       0.38      0.27      0.32        11
47       0.00      0.00      0.00         1
48       0.37      0.25      0.30        44
49       0.57      0.70      0.63       149
50       0.00      0.00      0.00         8
51       1.00      0.20      0.33         5
52       0.36      0.27      0.31        15
53       0.00      0.00      0.00         2
54       0.58      0.41      0.48        34
56       0.00      0.00      0.00         1
57       0.56      0.45      0.50        20
59       0.33      0.25      0.29         4
60       0.48      0.41      0.44        37
61       0.67      0.14      0.24        14
63       0.56      0.47      0.51        89
64       0.44      0.56      0.49        32
65       0.64      0.63      0.63        62
66       0.33      0.29      0.31         7
70       0.00      0.00      0.00         3
71       0.59      0.68      0.63       125
72       0.61      0.67      0.64        99
73       0.67      0.71      0.69       121
75       0.00      0.00      0.00         1
76       0.29      0.22      0.25         9
78       0.62      0.53      0.57        15
79       0.64      0.70      0.67       105
80       0.00      0.00      0.00         2
81       0.76      0.81      0.78        90
84       0.50      0.50      0.50         8
85       0.27      0.38      0.32         8
86       0.56      0.60      0.58       105
87       0.00      0.00      0.00         1
88       0.00      0.00      0.00         1
89       0.36      0.56      0.44        16
90       0.25      0.17      0.20         6
91       0.17      0.13      0.15        23
93       0.12      0.08      0.10        12
94       0.55      0.77      0.64        48
96       1.00      0.33      0.50         3
97       0.80      0.57      0.67         7
99       0.52      0.54      0.53        74
100       0.00      0.00      0.00         1
101       0.00      0.00      0.00        11
102       0.60      0.75      0.67         8

accuracy                           0.62      3326
macro avg       0.40      0.35      0.36      3326
weighted avg       0.61      0.62      0.61      3326

== 20 (grades only) ==
precision    recall  f1-score   support

1       0.00      0.00      0.00        13
2       0.00      0.00      0.00         8
3       0.03      0.02      0.03       126
5       0.16      0.43      0.23       334
6       0.12      0.39      0.19       280
7       0.00      0.00      0.00        55
8       0.00      0.00      0.00         5
9       0.00      0.00      0.00        15
10       0.00      0.00      0.00         8
11       0.00      0.00      0.00        35
13       0.07      0.02      0.03        46
14       0.00      0.00      0.00        66
15       0.00      0.00      0.00         2
16       0.07      0.06      0.07       173
17       0.00      0.00      0.00        11
18       0.00      0.00      0.00         2
19       0.00      0.00      0.00        11
20       0.00      0.00      0.00        25
22       0.00      0.00      0.00         1
24       0.00      0.00      0.00        13
26       0.11      0.20      0.14       230
27       0.00      0.00      0.00        10
28       0.00      0.00      0.00         1
29       0.00      0.00      0.00         4
30       0.00      0.00      0.00         5
31       0.00      0.00      0.00         2
32       0.06      0.02      0.03       115
33       0.00      0.00      0.00         4
35       0.00      0.00      0.00        45
36       0.00      0.00      0.00        29
40       0.03      0.02      0.02       172
41       0.00      0.00      0.00         2
44       0.00      0.00      0.00        41
45       0.00      0.00      0.00        11
47       0.00      0.00      0.00         1
48       0.00      0.00      0.00        44
49       0.12      0.03      0.05       149
50       0.00      0.00      0.00         8
51       0.00      0.00      0.00         5
52       0.00      0.00      0.00        15
53       0.00      0.00      0.00         2
54       0.00      0.00      0.00        34
56       0.00      0.00      0.00         1
57       0.00      0.00      0.00        20
59       0.00      0.00      0.00         4
60       0.00      0.00      0.00        37
61       0.00      0.00      0.00        14
63       0.10      0.11      0.11        89
64       0.00      0.00      0.00        32
65       0.04      0.03      0.04        62
66       0.00      0.00      0.00         7
70       0.00      0.00      0.00         3
71       0.10      0.12      0.11       125
72       0.06      0.04      0.05        99
73       0.13      0.07      0.09       121
75       0.00      0.00      0.00         1
76       0.00      0.00      0.00         9
78       0.00      0.00      0.00        15
79       0.10      0.07      0.08       105
80       0.00      0.00      0.00         2
81       0.07      0.01      0.02        90
84       0.00      0.00      0.00         8
85       0.00      0.00      0.00         8
86       0.17      0.08      0.11       105
87       0.00      0.00      0.00         1
88       0.00      0.00      0.00         1
89       0.00      0.00      0.00        16
90       0.00      0.00      0.00         6
91       0.00      0.00      0.00        23
93       0.00      0.00      0.00        12
94       0.00      0.00      0.00        48
96       0.00      0.00      0.00         3
97       0.00      0.00      0.00         7
99       0.12      0.01      0.02        74
100       0.00      0.00      0.00         1
101       0.00      0.00      0.00        11
102       0.00      0.00      0.00         8

accuracy                           0.11      3326
macro avg       0.02      0.02      0.02      3326
weighted avg       0.07      0.11      0.08      3326
