== 5 ==
precision    recall  f1-score   support

1       0.50      0.23      0.32        13
2       0.00      0.00      0.00         8
3       0.26      0.27      0.26       126
5       0.30      0.56      0.39       334
6       0.39      0.61      0.47       280
7       0.32      0.38      0.35        55
8       0.00      0.00      0.00         5
9       0.33      0.13      0.19        15
10       0.00      0.00      0.00         8
11       0.16      0.09      0.11        35
13       0.45      0.39      0.42        46
14       0.60      0.23      0.33        66
15       0.00      0.00      0.00         2
16       0.27      0.28      0.28       173
17       0.33      0.09      0.14        11
18       0.00      0.00      0.00         2
19       0.25      0.09      0.13        11
20       0.67      0.24      0.35        25
22       0.00      0.00      0.00         1
24       0.25      0.08      0.12        13
26       0.33      0.51      0.40       230
27       1.00      0.80      0.89        10
28       0.00      0.00      0.00         1
29       0.00      0.00      0.00         4
30       0.00      0.00      0.00         5
31       0.00      0.00      0.00         2
32       0.35      0.19      0.25       115
33       0.00      0.00      0.00         4
35       0.00      0.00      0.00        45
36       0.40      0.14      0.21        29
40       0.23      0.10      0.14       172
41       0.00      0.00      0.00         2
44       0.60      0.07      0.13        41
45       0.00      0.00      0.00        11
47       0.00      0.00      0.00         1
48       0.71      0.11      0.20        44
49       0.31      0.34      0.32       149                                                                                                                    [0/1930]
50       0.00      0.00      0.00         8
51       0.00      0.00      0.00         5
52       0.00      0.00      0.00        15
53       0.00      0.00      0.00         2
54       0.40      0.06      0.10        34
56       0.00      0.00      0.00         1
57       0.00      0.00      0.00        20
59       0.00      0.00      0.00         4
60       0.16      0.08      0.11        37
61       0.50      0.07      0.12        14
63       0.24      0.19      0.21        89
64       0.20      0.09      0.13        32
65       0.30      0.21      0.25        62
66       0.00      0.00      0.00         7
70       0.00      0.00      0.00         3
71       0.26      0.46      0.33       125
72       0.23      0.15      0.18        99
73       0.36      0.52      0.43       121
75       0.00      0.00      0.00         1
76       0.00      0.00      0.00         9
78       0.27      0.27      0.27        15
79       0.36      0.34      0.35       105
80       0.00      0.00      0.00         2
81       0.47      0.29      0.36        90
84       1.00      0.12      0.22         8
85       0.00      0.00      0.00         8
86       0.25      0.32      0.28       105
87       0.00      0.00      0.00         1
88       0.00      0.00      0.00         1
89       0.21      0.38      0.27        16
90       0.00      0.00      0.00         6
91       0.25      0.04      0.07        23
93       0.12      0.08      0.10        12
94       0.32      0.38      0.34        48
96       0.00      0.00      0.00         3
97       1.00      0.14      0.25         7
99       0.29      0.18      0.22        74
100       0.00      0.00      0.00         1
101       0.00      0.00      0.00        11
102       1.00      0.12      0.22         8

accuracy                           0.32      3326
macro avg       0.22      0.14      0.15      3326
weighted avg       0.31      0.32      0.29      3326

== 10 ==
precision    recall  f1-score   support

1       0.36      0.31      0.33        13
2       0.33      0.12      0.18         8
3       0.28      0.37      0.32       126
5       0.38      0.51      0.44       334
6       0.51      0.60      0.55       280
7       0.45      0.45      0.45        55
8       0.00      0.00      0.00         5
9       0.00      0.00      0.00        15
10       0.11      0.12      0.12         8
11       0.25      0.11      0.16        35
13       0.52      0.52      0.52        46
14       0.30      0.17      0.21        66
15       0.50      0.50      0.50         2
16       0.31      0.29      0.30       173
17       0.29      0.18      0.22        11
18       0.00      0.00      0.00         2
19       0.60      0.27      0.37        11
20       0.64      0.28      0.39        25
22       0.00      0.00      0.00         1
24       0.40      0.15      0.22        13
26       0.36      0.58      0.45       230
27       1.00      0.60      0.75        10
28       0.00      0.00      0.00         1
29       0.00      0.00      0.00         4
30       0.00      0.00      0.00         5
31       0.00      0.00      0.00         2
32       0.40      0.25      0.31       115
33       0.00      0.00      0.00         4
35       0.11      0.04      0.06        45
36       0.40      0.14      0.21        29
40       0.29      0.17      0.22       172
41       0.00      0.00      0.00         2
44       0.31      0.20      0.24        41
45       0.20      0.09      0.13        11
47       0.00      0.00      0.00         1
48       0.29      0.16      0.21        44
49       0.39      0.36      0.38       149
50       0.00      0.00      0.00         8
51       0.00      0.00      0.00         5
52       0.25      0.07      0.11        15
53       0.00      0.00      0.00         2
54       0.33      0.24      0.28        34
56       0.00      0.00      0.00         1
57       0.29      0.20      0.24        20
58       0.00      0.00      0.00         0
59       0.17      0.25      0.20         4
60       0.17      0.14      0.15        37
61       0.50      0.07      0.12        14
63       0.29      0.27      0.28        89
64       0.22      0.12      0.16        32
65       0.36      0.37      0.37        62
66       0.25      0.14      0.18         7
70       0.33      0.33      0.33         3
71       0.32      0.50      0.39       125
72       0.28      0.33      0.30        99
73       0.42      0.56      0.48       121
75       0.00      0.00      0.00         1
76       0.00      0.00      0.00         9
78       0.27      0.27      0.27        15
79       0.39      0.43      0.41       105
80       0.00      0.00      0.00         2
81       0.59      0.37      0.45        90
84       0.20      0.12      0.15         8
85       0.25      0.12      0.17         8
86       0.33      0.40      0.36       105
87       0.00      0.00      0.00         1
88       0.00      0.00      0.00         1
89       0.17      0.25      0.21        16
90       0.00      0.00      0.00         6
91       0.12      0.04      0.06        23
93       0.00      0.00      0.00        12
94       0.34      0.44      0.39        48
96       0.00      0.00      0.00         3
97       0.50      0.14      0.22         7
99       0.25      0.24      0.25        74
100       0.00      0.00      0.00         1
101       0.00      0.00      0.00        11
102       0.33      0.12      0.18         8

accuracy                           0.36      3326
macro avg       0.23      0.18      0.19      3326
weighted avg       0.35      0.36      0.34      3326

== 20 ==

precision    recall  f1-score   support

1       0.67      0.62      0.64        13
2       0.60      0.38      0.46         8
3       0.56      0.57      0.56       126
5       0.80      0.92      0.85       334
6       0.71      0.77      0.74       280
7       0.65      0.58      0.62        55
8       0.00      0.00      0.00         5
9       0.36      0.27      0.31        15
10       0.43      0.38      0.40         8
11       0.36      0.46      0.40        35
13       0.72      0.72      0.72        46
14       0.78      0.65      0.71        66
15       0.00      0.00      0.00         2
16       0.56      0.60      0.58       173
17       0.60      0.55      0.57        11
18       0.00      0.00      0.00         2
19       0.75      0.55      0.63        11
20       0.82      0.56      0.67        25
22       0.00      0.00      0.00         1
24       0.60      0.23      0.33        13
26       0.61      0.79      0.69       230
27       0.89      0.80      0.84        10
28       0.00      0.00      0.00         1
29       0.00      0.00      0.00         4
30       0.00      0.00      0.00         5
31       0.00      0.00      0.00         2
32       0.65      0.46      0.54       115
33       1.00      0.25      0.40         4
35       0.52      0.36      0.42        45
36       0.54      0.52      0.53        29
37       0.00      0.00      0.00         0
40       0.57      0.48      0.52       172
41       0.00      0.00      0.00         2
44       0.88      0.37      0.52        41
45       0.80      0.36      0.50        11
47       0.00      0.00      0.00         1
48       0.61      0.39      0.47        44
49       0.62      0.70      0.66       149
50       0.00      0.00      0.00         8
51       0.00      0.00      0.00         5
52       0.33      0.20      0.25        15
53       0.00      0.00      0.00         2
54       0.48      0.44      0.46        34
56       0.00      0.00      0.00         1
57       0.65      0.55      0.59        20
59       0.00      0.00      0.00         4
60       0.50      0.46      0.48        37
61       1.00      0.29      0.44        14
63       0.68      0.47      0.56        89
64       0.39      0.38      0.38        32
65       0.63      0.71      0.67        62
66       0.33      0.57      0.42         7
70       0.00      0.00      0.00         3
71       0.62      0.66      0.64       125
72       0.67      0.68      0.67        99
73       0.66      0.76      0.71       121
75       0.00      0.00      0.00         1
76       0.00      0.00      0.00         9
78       0.57      0.53      0.55        15
79       0.62      0.74      0.68       105
80       0.00      0.00      0.00         2
81       0.79      0.81      0.80        90
84       0.75      0.38      0.50         8
85       0.50      0.12      0.20         8
86       0.57      0.77      0.66       105
87       0.00      0.00      0.00         1
88       0.00      0.00      0.00         1
89       0.32      0.56      0.41        16
90       0.00      0.00      0.00         6
91       0.50      0.22      0.30        23
93       0.20      0.17      0.18        12
94       0.61      0.77      0.68        48
96       0.00      0.00      0.00         3
97       0.67      0.29      0.40         7
99       0.54      0.61      0.57        74
100       0.00      0.00      0.00         1
101       0.00      0.00      0.00        11
102       0.88      0.88      0.88         8

accuracy                           0.63      3326
macro avg       0.41      0.35      0.36      3326
weighted avg       0.63      0.63      0.62      3326


== 20 (semester only) ==

precision    recall  f1-score   support

1       0.00      0.00      0.00        13
2       0.00      0.00      0.00         8
3       0.00      0.00      0.00       126
5       0.11      0.73      0.19       334
6       0.12      0.18      0.15       280
7       0.00      0.00      0.00        55
8       0.00      0.00      0.00         5
9       0.00      0.00      0.00        15
10       0.00      0.00      0.00         8
11       0.00      0.00      0.00        35
13       0.00      0.00      0.00        46
14       0.00      0.00      0.00        66
15       0.00      0.00      0.00         2
16       0.22      0.01      0.02       173
17       0.00      0.00      0.00        11
18       0.00      0.00      0.00         2
19       0.00      0.00      0.00        11
20       0.00      0.00      0.00        25
22       0.00      0.00      0.00         1
24       0.00      0.00      0.00        13
26       0.12      0.30      0.17       230
27       0.00      0.00      0.00        10
28       0.00      0.00      0.00         1
29       0.00      0.00      0.00         4
30       0.00      0.00      0.00         5
31       0.00      0.00      0.00         2
32       0.00      0.00      0.00       115
33       0.00      0.00      0.00         4
35       0.00      0.00      0.00        45
36       0.00      0.00      0.00        29
40       0.00      0.00      0.00       172
41       0.00      0.00      0.00         2
44       0.00      0.00      0.00        41
45       0.00      0.00      0.00        11
47       0.00      0.00      0.00         1
48       0.00      0.00      0.00        44
49       0.00      0.00      0.00       149                                                                                                                    [0/1935]
50       0.00      0.00      0.00         8
51       0.00      0.00      0.00         5
52       0.00      0.00      0.00        15
53       0.00      0.00      0.00         2
54       0.00      0.00      0.00        34
56       0.00      0.00      0.00         1
57       0.00      0.00      0.00        20
59       0.00      0.00      0.00         4
60       0.00      0.00      0.00        37
61       0.00      0.00      0.00        14
63       0.23      0.06      0.09        89
64       0.00      0.00      0.00        32
65       0.00      0.00      0.00        62
66       0.00      0.00      0.00         7
70       0.00      0.00      0.00         3
71       0.09      0.02      0.03       125
72       0.00      0.00      0.00        99
73       0.00      0.00      0.00       121
75       0.00      0.00      0.00         1
76       0.00      0.00      0.00         9
78       0.00      0.00      0.00        15
79       0.00      0.00      0.00       105
80       0.00      0.00      0.00         2
81       0.00      0.00      0.00        90
84       0.00      0.00      0.00         8
85       0.00      0.00      0.00         8
86       0.00      0.00      0.00       105
87       0.00      0.00      0.00         1
88       0.00      0.00      0.00         1
89       0.00      0.00      0.00        16
90       0.00      0.00      0.00         6
91       0.00      0.00      0.00        23
93       0.00      0.00      0.00        12
94       0.00      0.00      0.00        48
96       0.00      0.00      0.00         3
97       0.00      0.00      0.00         7
99       0.00      0.00      0.00        74
100       0.00      0.00      0.00         1
101       0.00      0.00      0.00        11
102       0.00      0.00      0.00         8

accuracy                           0.11      3326
macro avg       0.01      0.02      0.01      3326
weighted avg       0.05      0.11      0.05      3326
