TEST == 10 ==

precision    recall  f1-score   support

1       0.59      0.32      0.41        92
2       0.73      0.77      0.75       902
3       0.61      0.51      0.55       456
4       0.47      0.57      0.52       880
5       0.60      0.50      0.55       380
6       0.52      0.47      0.49       607
7       0.00      0.00      0.00         9

accuracy                           0.58      3326
macro avg       0.50      0.45      0.47      3326
weighted avg       0.58      0.58      0.58      3326

== 5 ==
precision    recall  f1-score   support

1       0.38      0.10      0.16        77
2       0.00      0.00      0.00         1
3       0.61      0.57      0.59       882
4       0.00      0.00      0.00         2
5       0.49      0.30      0.37       462
6       0.36      0.57      0.44       902
7       0.46      0.42      0.44       368
8       0.40      0.29      0.34       629
10       0.00      0.00      0.00         1
11       0.00      0.00      0.00         1
14       0.00      0.00      0.00         1

accuracy                           0.45      3326
macro avg       0.25      0.20      0.21      3326
weighted avg       0.46      0.45      0.44      3326

== 10 ==

precision    recall  f1-score   support

1       0.42      0.21      0.28        77
2       0.00      0.00      0.00         1
3       0.69      0.65      0.67       882
4       0.00      0.00      0.00         2
5       0.58      0.38      0.46       462
6       0.41      0.52      0.46       902
7       0.47      0.52      0.50       368
8       0.46      0.43      0.44       629
10       0.00      0.00      0.00         1
11       0.00      0.00      0.00         1
14       0.00      0.00      0.00         1

accuracy                           0.51      3326
macro avg       0.27      0.25      0.25      3326
weighted avg       0.52      0.51      0.51      3326


== 20 ==

precision    recall  f1-score   support

1       0.52      0.29      0.37        77
2       0.00      0.00      0.00         1
3       0.69      0.78      0.73       882
4       0.00      0.00      0.00         2
5       0.58      0.41      0.48       462
6       0.44      0.53      0.48       902
7       0.56      0.50      0.53       368
8       0.53      0.46      0.49       629
10       0.00      0.00      0.00         1
11       0.00      0.00      0.00         1
14       0.00      0.00      0.00         1

accuracy                           0.56      3326
macro avg       0.30      0.27      0.28      3326
weighted avg       0.56      0.56      0.55      3326
