== 5 ==

precision    recall  f1-score   support

1       0.25      0.15      0.19        13
2       0.00      0.00      0.00         8
3       0.31      0.27      0.29       126
5       0.31      0.59      0.40       334
6       0.44      0.56      0.50       280
7       0.39      0.42      0.40        55
8       0.00      0.00      0.00         5
9       0.20      0.07      0.10        15
10       0.00      0.00      0.00         8
11       0.09      0.03      0.04        35
13       0.41      0.39      0.40        46
14       0.44      0.27      0.34        66
15       0.00      0.00      0.00         2
16       0.27      0.29      0.28       173
17       0.00      0.00      0.00        11
18       0.00      0.00      0.00         2
19       0.25      0.09      0.13        11
20       0.83      0.20      0.32        25
22       0.00      0.00      0.00         1
24       0.25      0.08      0.12        13
26       0.31      0.47      0.37       230
27       1.00      0.80      0.89        10
28       0.00      0.00      0.00         1
29       0.00      0.00      0.00         4
30       0.00      0.00      0.00         5
31       0.00      0.00      0.00         2
32       0.36      0.17      0.24       115
33       0.00      0.00      0.00         4
35       0.00      0.00      0.00        45
36       0.33      0.10      0.16        29
40       0.23      0.13      0.17       172
41       0.00      0.00      0.00         2
44       0.37      0.17      0.23        41
45       0.00      0.00      0.00        11
47       0.00      0.00      0.00         1
48       0.40      0.14      0.20        44
49       0.29      0.24      0.26       149
50       0.00      0.00      0.00         8
51       0.00      0.00      0.00         5
52       0.29      0.13      0.18        15
53       0.00      0.00      0.00         2
54       0.50      0.09      0.15        34
56       0.00      0.00      0.00         1
57       0.67      0.10      0.17        20
59       0.00      0.00      0.00         4
60       0.27      0.11      0.15        37
61       0.25      0.07      0.11        14
63       0.33      0.19      0.24        89
64       0.25      0.09      0.14        32
65       0.31      0.26      0.28        62
66       0.00      0.00      0.00         7
70       0.50      0.33      0.40         3
71       0.25      0.46      0.32       125
72       0.14      0.17      0.15        99
73       0.37      0.53      0.43       121
75       0.00      0.00      0.00         1
76       0.00      0.00      0.00         9
78       0.25      0.27      0.26        15
79       0.33      0.31      0.32       105
80       0.00      0.00      0.00         2
81       0.51      0.34      0.41        90
84       0.00      0.00      0.00         8
85       0.00      0.00      0.00         8
86       0.26      0.33      0.29       105
87       0.00      0.00      0.00         1
88       0.00      0.00      0.00         1
89       0.21      0.25      0.23        16
90       0.00      0.00      0.00         6
91       0.00      0.00      0.00        23
93       0.00      0.00      0.00        12
94       0.31      0.27      0.29        48
96       0.00      0.00      0.00         3
97       1.00      0.14      0.25         7
99       0.19      0.15      0.17        74
100       0.00      0.00      0.00         1
101       0.00      0.00      0.00        11
102       0.33      0.12      0.18         8

accuracy                           0.31      3326
macro avg       0.20      0.13      0.15      3326
weighted avg       0.30      0.31      0.29      3326


== 10 ==
precision    recall  f1-score   support

1       1.00      0.23      0.38        13
2       0.00      0.00      0.00         8
3       0.30      0.41      0.35       126
5       0.42      0.56      0.48       334
6       0.53      0.68      0.59       280
7       0.43      0.55      0.48        55
8       0.50      0.20      0.29         5
9       0.00      0.00      0.00        15
10       0.20      0.12      0.15         8
11       0.56      0.14      0.23        35
13       0.48      0.46      0.47        46
14       0.42      0.24      0.31        66
15       0.00      0.00      0.00         2
16       0.33      0.35      0.34       173
17       0.00      0.00      0.00        11
18       0.00      0.00      0.00         2
19       1.00      0.18      0.31        11
20       0.57      0.32      0.41        25
22       0.00      0.00      0.00         1
24       0.50      0.15      0.24        13
26       0.37      0.60      0.46       230
27       1.00      0.80      0.89        10
28       0.00      0.00      0.00         1
29       0.00      0.00      0.00         4
30       0.00      0.00      0.00         5
31       0.00      0.00      0.00         2
32       0.36      0.22      0.27       115
33       0.00      0.00      0.00         4
35       0.50      0.07      0.12        45
36       0.43      0.10      0.17        29
40       0.24      0.13      0.17       172
41       0.00      0.00      0.00         2
44       0.30      0.15      0.20        41
45       0.20      0.09      0.13        11
47       0.00      0.00      0.00         1
48       0.57      0.18      0.28        44
49       0.37      0.42      0.39       149
50       0.00      0.00      0.00         8
51       0.00      0.00      0.00         5
52       0.00      0.00      0.00        15
53       0.00      0.00      0.00         2
54       0.45      0.15      0.22        34
56       0.00      0.00      0.00         1
57       0.60      0.15      0.24        20
59       0.00      0.00      0.00         4
60       0.22      0.14      0.17        37
61       0.00      0.00      0.00        14
63       0.32      0.27      0.29        89
64       0.22      0.16      0.18        32
65       0.44      0.35      0.39        62
66       0.00      0.00      0.00         7
70       0.00      0.00      0.00         3
71       0.41      0.54      0.47       125
72       0.25      0.41      0.31        99
73       0.43      0.61      0.51       121
75       0.00      0.00      0.00         1
76       0.00      0.00      0.00         9
78       0.25      0.20      0.22        15
79       0.36      0.46      0.40       105
80       0.00      0.00      0.00         2
81       0.52      0.40      0.45        90
84       0.25      0.12      0.17         8
85       0.00      0.00      0.00         8
86       0.29      0.36      0.32       105
87       0.00      0.00      0.00         1
88       0.00      0.00      0.00         1
89       0.33      0.38      0.35        16
90       0.00      0.00      0.00         6
91       0.60      0.13      0.21        23
93       0.00      0.00      0.00        12
94       0.38      0.48      0.42        48
96       0.00      0.00      0.00         3
97       0.25      0.14      0.18         7
99       0.37      0.30      0.33        74
100       0.00      0.00      0.00         1
101       0.00      0.00      0.00        11
102       0.50      0.12      0.20         8

accuracy                           0.39      3326
macro avg       0.25      0.17      0.18      3326
weighted avg       0.38      0.39      0.36      3326

== 20 ==
precision    recall  f1-score   support

1       0.58      0.54      0.56        13
2       0.36      0.50      0.42         8
3       0.50      0.55      0.52       126
5       0.80      0.83      0.82       334
6       0.72      0.73      0.72       280
7       0.57      0.58      0.58        55
8       0.00      0.00      0.00         5
9       0.14      0.07      0.09        15
10       0.25      0.25      0.25         8
11       0.33      0.34      0.34        35
13       0.64      0.70      0.67        46
14       0.62      0.68      0.65        66
15       0.50      0.50      0.50         2
16       0.50      0.54      0.52       173
17       0.36      0.36      0.36        11
18       0.00      0.00      0.00         2
19       0.67      0.55      0.60        11
20       0.70      0.56      0.62        25
22       0.00      0.00      0.00         1
24       0.45      0.38      0.42        13
26       0.68      0.75      0.71       230
27       1.00      0.80      0.89        10
28       0.00      0.00      0.00         1
29       0.00      0.00      0.00         4
30       0.33      0.20      0.25         5
31       0.00      0.00      0.00         2
32       0.69      0.48      0.56       115
33       0.25      0.25      0.25         4
35       0.35      0.31      0.33        45
36       0.36      0.31      0.33        29
37       0.00      0.00      0.00         0
40       0.56      0.35      0.43       172
41       0.00      0.00      0.00         2
44       0.70      0.39      0.50        41
45       0.71      0.45      0.56        11
47       0.00      0.00      0.00         1
48       0.37      0.32      0.34        44
49       0.62      0.67      0.65       149
50       0.29      0.25      0.27         8
51       0.50      0.20      0.29         5
52       0.40      0.27      0.32        15
53       1.00      0.50      0.67         2
54       0.46      0.35      0.40        34
56       1.00      1.00      1.00         1
57       0.55      0.55      0.55        20
58       0.00      0.00      0.00         0
59       0.00      0.00      0.00         4
60       0.50      0.51      0.51        37
61       0.50      0.29      0.36        14
63       0.47      0.45      0.46        89
64       0.48      0.41      0.44        32
65       0.65      0.65      0.65        62
66       0.20      0.29      0.24         7
70       0.25      0.33      0.29         3
71       0.62      0.62      0.62       125
72       0.70      0.57      0.63        99
73       0.67      0.74      0.70       121
75       0.00      0.00      0.00         1
76       0.15      0.22      0.18         9
78       0.38      0.67      0.49        15
79       0.55      0.74      0.63       105
80       1.00      0.50      0.67         2
81       0.71      0.84      0.77        90
84       0.50      0.50      0.50         8
85       0.38      0.38      0.38         8
86       0.53      0.74      0.62       105
87       0.00      0.00      0.00         1
88       0.00      0.00      0.00         1
89       0.40      0.50      0.44        16
90       0.00      0.00      0.00         6
91       0.21      0.13      0.16        23
93       0.11      0.08      0.10        12
94       0.61      0.77      0.68        48
96       0.00      0.00      0.00         3
97       0.60      0.43      0.50         7
99       0.55      0.51      0.53        74
100       0.00      0.00      0.00         1
101       0.20      0.18      0.19        11
102       0.88      0.88      0.88         8

accuracy                           0.60      3326
macro avg       0.41      0.38      0.39      3326
weighted avg       0.59      0.60      0.59      3326
