TEST == 10 ==

precision    recall  f1-score   support

1       0.25      0.20      0.22        92
2       0.69      0.69      0.69       902
3       0.47      0.44      0.45       456
4       0.44      0.45      0.44       880
5       0.48      0.45      0.46       380
6       0.44      0.48      0.46       607
7       0.04      0.11      0.06         9

accuracy                           0.51      3326
macro avg       0.40      0.40      0.40      3326
weighted avg       0.51      0.51      0.51      3326


== 5 ==
precision    recall  f1-score   support

1       0.30      0.26      0.28        77
2       0.00      0.00      0.00         1
3       0.65      0.68      0.66       882
4       0.00      0.00      0.00         2
5       0.45      0.34      0.39       462
6       0.41      0.45      0.43       902
7       0.41      0.47      0.44       368
8       0.40      0.35      0.38       629
10       0.00      0.00      0.00         1
11       0.00      0.00      0.00         1
14       0.00      0.00      0.00         1

accuracy                           0.47      3326
macro avg       0.24      0.23      0.23      3326
weighted avg       0.47      0.47      0.47      3326


== 10 ==

precision    recall  f1-score   support

1       0.29      0.31      0.30        77
2       0.00      0.00      0.00         1
3       0.69      0.68      0.68       882
4       0.00      0.00      0.00         2
5       0.48      0.39      0.43       462
6       0.44      0.42      0.43       902
7       0.42      0.55      0.48       368
8       0.46      0.47      0.46       629
10       0.00      0.00      0.00         1
11       1.00      1.00      1.00         1
14       0.00      0.00      0.00         1

accuracy                           0.50      3326
macro avg       0.34      0.35      0.34      3326
weighted avg       0.51      0.50      0.50      3326


== 20 ==
precision    recall  f1-score   support

1       0.83      0.31      0.45        77
2       0.00      0.00      0.00         1
3       0.75      0.82      0.78       882
4       0.00      0.00      0.00         2
5       0.59      0.58      0.58       462
6       0.64      0.55      0.59       902
7       0.67      0.57      0.62       368
8       0.56      0.71      0.62       629
10       0.00      0.00      0.00         1
11       1.00      1.00      1.00         1
14       0.00      0.00      0.00         1

accuracy                           0.65      3326
macro avg       0.46      0.41      0.42      3326
weighted avg       0.66      0.65      0.65      3326
