== 20 ==

precision    recall  f1-score   support

1       0.38      0.23      0.29        13
2       0.10      0.12      0.11         8
3       0.42      0.52      0.46       126
5       0.80      0.74      0.77       334
6       0.58      0.71      0.64       280
7       0.38      0.38      0.38        55
8       0.00      0.00      0.00         5
9       0.23      0.20      0.21        15
10       0.00      0.00      0.00         8
11       0.30      0.40      0.35        35
13       0.51      0.50      0.51        46
14       0.52      0.59      0.55        66
15       0.00      0.00      0.00         2
16       0.44      0.41      0.42       173
17       0.43      0.27      0.33        11
18       0.00      0.00      0.00         2
19       0.44      0.36      0.40        11
20       0.53      0.36      0.43        25
22       0.00      0.00      0.00         1
24       0.25      0.15      0.19        13
26       0.56      0.68      0.61       230
27       0.80      0.80      0.80        10
28       0.00      0.00      0.00         1
29       0.00      0.00      0.00         4
30       0.20      0.20      0.20         5
31       0.00      0.00      0.00         2
32       0.39      0.46      0.42       115
33       0.00      0.00      0.00         4
35       0.23      0.33      0.27        45
36       0.43      0.31      0.36        29
37       0.00      0.00      0.00         0
40       0.45      0.24      0.32       172
41       0.00      0.00      0.00         2
44       0.58      0.34      0.43        41
45       0.00      0.00      0.00        11
46       0.00      0.00      0.00         0
47       1.00      1.00      1.00         1
48       0.50      0.30      0.37        44
49       0.47      0.50      0.49       149
50       0.00      0.00      0.00         8
51       0.22      0.40      0.29         5
52       0.00      0.00      0.00        15
53       0.00      0.00      0.00         2
54       0.48      0.32      0.39        34
55       0.00      0.00      0.00         0
56       0.00      0.00      0.00         1
57       0.24      0.25      0.24        20
59       0.00      0.00      0.00         4
60       0.40      0.32      0.36        37
61       0.00      0.00      0.00        14
63       0.41      0.34      0.37        89
64       0.30      0.34      0.32        32
65       0.41      0.50      0.45        62
66       0.08      0.14      0.11         7
69       0.00      0.00      0.00         0
70       0.00      0.00      0.00         3
71       0.47      0.46      0.47       125
72       0.52      0.51      0.51        99
73       0.64      0.55      0.59       121
75       0.00      0.00      0.00         1
76       0.17      0.22      0.19         9
78       0.38      0.33      0.36        15
79       0.56      0.61      0.58       105
80       0.00      0.00      0.00         2
81       0.68      0.76      0.72        90
84       0.17      0.12      0.14         8
85       0.29      0.25      0.27         8
86       0.50      0.51      0.50       105
87       0.00      0.00      0.00         1
88       0.00      0.00      0.00         1
89       0.36      0.31      0.33        16
90       0.00      0.00      0.00         6
91       0.09      0.09      0.09        23
92       0.00      0.00      0.00         0
93       0.17      0.17      0.17        12
94       0.59      0.56      0.57        48
96       0.00      0.00      0.00         3
97       0.00      0.00      0.00         7
99       0.45      0.45      0.45        74
100       0.33      1.00      0.50         1
101       0.00      0.00      0.00        11
102       0.40      0.50      0.44         8

accuracy                           0.49      3326
macro avg       0.26      0.26      0.25      3326
weighted avg       0.49      0.49      0.49      3326
