== 5 ==
precision    recall  f1-score   support

1       0.44      0.26      0.33        77
2       0.00      0.00      0.00         1
3       0.76      0.80      0.78       882
4       0.00      0.00      0.00         2
5       0.65      0.48      0.55       462
6       0.69      0.79      0.73       902
7       0.65      0.69      0.67       368
8       0.76      0.68      0.72       629
10       0.00      0.00      0.00         1
11       0.50      1.00      0.67         1
14       0.00      0.00      0.00         1

accuracy                           0.71      3326
macro avg       0.40      0.43      0.40      3326
weighted avg       0.70      0.71      0.70      3326

== 10 ==
precision    recall  f1-score   support

1       0.37      0.30      0.33        77
2       0.00      0.00      0.00         1
3       0.79      0.84      0.81       882
4       0.00      0.00      0.00         2
5       0.68      0.47      0.56       462
6       0.72      0.78      0.75       902
7       0.61      0.67      0.64       368
8       0.77      0.75      0.76       629
10       0.00      0.00      0.00         1
11       1.00      1.00      1.00         1
14       1.00      1.00      1.00         1

accuracy                           0.72      3326
macro avg       0.54      0.53      0.53      3326
weighted avg       0.72      0.72      0.72      3326

== 20 ==
precision    recall  f1-score   support

1       0.67      0.45      0.54        77
2       0.00      0.00      0.00         1
3       0.86      0.91      0.88       882
4       0.00      0.00      0.00         2
5       0.80      0.74      0.77       462
6       0.84      0.80      0.82       902
7       0.75      0.85      0.79       368
8       0.78      0.80      0.79       629
10       1.00      1.00      1.00         1
11       0.12      1.00      0.22         1
14       0.00      0.00      0.00         1

accuracy                           0.82      3326
macro avg       0.53      0.59      0.53      3326
weighted avg       0.82      0.82      0.81      3326
