== 5 ==
precision    recall  f1-score   support

1       0.25      0.08      0.12        13
2       0.00      0.00      0.00         8
3       0.35      0.36      0.35       126
5       0.48      0.79      0.60       334                                                                                                                 [450/1924]
6       0.62      0.78      0.69       280
7       0.69      0.56      0.62        55
8       0.00      0.00      0.00         5
9       0.14      0.07      0.09        15
10       0.25      0.12      0.17         8
11       0.43      0.17      0.24        35
13       0.56      0.78      0.65        46
14       0.51      0.32      0.39        66
15       0.00      0.00      0.00         2
16       0.42      0.47      0.44       173
17       0.33      0.09      0.14        11
18       0.00      0.00      0.00         2
19       0.20      0.09      0.13        11
20       0.50      0.20      0.29        25
22       0.00      0.00      0.00         1
24       0.17      0.08      0.11        13
26       0.46      0.67      0.55       230
27       0.64      0.70      0.67        10
28       0.00      0.00      0.00         1
29       0.00      0.00      0.00         4
30       0.33      0.20      0.25         5
31       0.00      0.00      0.00         2
32       0.48      0.29      0.36       115
33       0.00      0.00      0.00         4
35       0.42      0.24      0.31        45
36       0.67      0.14      0.23        29
40       0.40      0.41      0.40       172
41       0.00      0.00      0.00         2
44       0.56      0.34      0.42        41
45       0.00      0.00      0.00        11
47       0.00      0.00      0.00         1
48       0.69      0.20      0.32        44
49       0.47      0.43      0.45       149
50       0.00      0.00      0.00         8
51       0.00      0.00      0.00         5
52       0.33      0.07      0.11        15
53       0.00      0.00      0.00         2
54       0.24      0.18      0.20        34
56       0.00      0.00      0.00         1
57       0.30      0.15      0.20        20
59       0.00      0.00      0.00         4
60       0.23      0.08      0.12        37
61       0.00      0.00      0.00        14
63       0.39      0.35      0.37        89
64       0.00      0.00      0.00        32
65       0.30      0.35      0.33        62
66       0.00      0.00      0.00         7
70       0.00      0.00      0.00         3
71       0.48      0.41      0.44       125
72       0.39      0.41      0.40        99
73       0.51      0.69      0.59       121
75       0.00      0.00      0.00         1
76       0.00      0.00      0.00         9
78       0.19      0.33      0.24        15
79       0.52      0.50      0.51       105
80       0.00      0.00      0.00         2
81       0.83      0.53      0.65        90
84       0.00      0.00      0.00         8
85       0.00      0.00      0.00         8
86       0.45      0.64      0.53       105
87       0.00      0.00      0.00         1
88       0.00      0.00      0.00         1
89       0.09      0.06      0.07        16
90       0.14      0.17      0.15         6
91       0.40      0.09      0.14        23
93       0.38      0.25      0.30        12
94       0.41      0.33      0.37        48
96       0.00      0.00      0.00         3
97       0.00      0.00      0.00         7
99       0.39      0.26      0.31        74
100       1.00      1.00      1.00         1
101       0.00      0.00      0.00        11
102       0.33      0.25      0.29         8

accuracy                           0.46      3326
macro avg       0.25      0.20      0.21      3326
weighted avg       0.44      0.46      0.44      3326


== 10 ==

              precision    recall  f1-score   support

           1       0.50      0.31      0.38        13
           2       0.00      0.00      0.00         8
           3       0.59      0.44      0.51       126
           5       0.51      0.81      0.63       334
           6       0.69      0.84      0.76       280
           7       0.73      0.64      0.68        55
           8       0.00      0.00      0.00         5
           9       0.00      0.00      0.00        15
          10       0.33      0.12      0.18         8
          11       0.33      0.14      0.20        35
          13       0.55      0.67      0.61        46
          14       0.39      0.47      0.43        66
          15       0.00      0.00      0.00         2
          16       0.42      0.55      0.48       173
          17       0.27      0.27      0.27        11
          18       0.00      0.00      0.00         2
          19       0.17      0.18      0.17        11
          20       0.41      0.28      0.33        25
          22       0.00      0.00      0.00         1
          24       0.00      0.00      0.00        13
          26       0.58      0.74      0.65       230
          27       0.67      0.80      0.73        10
          28       0.00      0.00      0.00         1
          29       0.00      0.00      0.00         4
          30       0.00      0.00      0.00         5
          31       0.00      0.00      0.00         2
          32       0.71      0.25      0.37       115
          33       0.00      0.00      0.00         4
					35       0.95      0.40      0.56        45
          36       0.80      0.14      0.24        29
          40       0.49      0.53      0.51       172
          41       0.00      0.00      0.00         2
          44       0.80      0.39      0.52        41
          45       0.09      0.09      0.09        11
          47       0.00      0.00      0.00         1
          48       0.81      0.39      0.52        44
          49       0.51      0.58      0.54       149
          50       0.00      0.00      0.00         8
          51       0.00      0.00      0.00         5
          52       0.50      0.07      0.12        15
          53       0.00      0.00      0.00         2
          54       0.63      0.35      0.45        34
          56       0.00      0.00      0.00         1
          57       0.22      0.10      0.14        20
          59       1.00      0.25      0.40         4
          60       0.40      0.11      0.17        37
          61       0.00      0.00      0.00        14
          63       0.45      0.39      0.42        89
          64       0.16      0.16      0.16        32
          65       0.43      0.35      0.39        62
          66       0.00      0.00      0.00         7
          70       0.00      0.00      0.00         3
          71       0.47      0.47      0.47       125
          72       0.43      0.56      0.48        99
          73       0.64      0.74      0.69       121
          75       0.00      0.00      0.00         1
          76       0.04      0.11      0.06         9
          78       0.16      0.20      0.18        15
          79       0.66      0.62      0.64       105
          80       0.00      0.00      0.00         2
          81       0.77      0.59      0.67        90
          84       0.00      0.00      0.00         8
          85       0.00      0.00      0.00         8
          86       0.54      0.72      0.62       105
          87       0.00      0.00      0.00         1
          88       0.00      0.00      0.00         1
          89       0.14      0.19      0.16        16
          90       0.50      0.17      0.25         6
          91       0.11      0.09      0.10        23
          93       0.18      0.17      0.17        12
          94       0.40      0.44      0.42        48
          96       0.00      0.00      0.00         3
          97       0.00      0.00      0.00         7
					99       0.50      0.20      0.29        74
					100       1.00      1.00      1.00         1
					101       0.00      0.00      0.00        11
					102       0.57      0.50      0.53         8

accuracy                           0.53      3326
macro avg       0.30      0.24      0.25      3326
weighted avg       0.52      0.53      0.50      3326


== 20 ==
precision    recall  f1-score   support

1       0.57      0.31      0.40        13
2       0.50      0.25      0.33         8
3       0.68      0.75      0.72       126
5       0.83      0.93      0.88       334
6       0.81      0.85      0.83       280
7       0.70      0.71      0.70        55
8       0.00      0.00      0.00         5
9       0.36      0.27      0.31        15
10       0.25      0.38      0.30         8
11       0.53      0.49      0.51        35
13       0.85      0.76      0.80        46
14       0.81      0.70      0.75        66
15       0.50      0.50      0.50         2
16       0.68      0.67      0.67       173
17       0.33      0.36      0.35        11
18       0.00      0.00      0.00         2
19       0.56      0.45      0.50        11
20       0.80      0.48      0.60        25
22       0.00      0.00      0.00         1
24       0.45      0.38      0.42        13
26       0.70      0.89      0.78       230
27       0.88      0.70      0.78        10
28       0.00      0.00      0.00         1
29       0.00      0.00      0.00         4
30       0.17      0.20      0.18         5
31       0.00      0.00      0.00         2
32       0.71      0.73      0.72       115
33       0.00      0.00      0.00         4
35       0.82      0.69      0.75        45
36       0.61      0.59      0.60        29
37       0.00      0.00      0.00         0
40       0.73      0.70      0.72       172
41       0.00      0.00      0.00         2
44       0.86      0.61      0.71        41
45       0.43      0.27      0.33        11
47       0.00      0.00      0.00         1
48       0.68      0.64      0.66        44
49       0.78      0.76      0.77       149
50       0.17      0.12      0.14         8
51       0.00      0.00      0.00         5
52       0.36      0.33      0.34        15
53       0.00      0.00      0.00         2
54       0.64      0.41      0.50        34
56       0.00      0.00      0.00         1
57       0.59      0.65      0.62        20
59       0.08      0.25      0.12         4
60       0.59      0.46      0.52        37
61       0.33      0.21      0.26        14
63       0.66      0.55      0.60        89
64       0.42      0.31      0.36        32
65       0.53      0.68      0.59        62
66       0.31      0.57      0.40         7
70       0.00      0.00      0.00         3
71       0.77      0.69      0.73       125
72       0.64      0.77      0.70        99
73       0.81      0.79      0.80       121
75       0.00      0.00      0.00         1
76       0.18      0.22      0.20         9
78       0.33      0.47      0.39        15
79       0.86      0.77      0.81       105
80       0.00      0.00      0.00         2
81       0.90      0.90      0.90        90
84       0.67      0.25      0.36         8
85       0.22      0.25      0.24         8
86       0.65      0.75      0.70       105
87       0.00      0.00      0.00         1
88       0.00      0.00      0.00         1
89       0.73      0.50      0.59        16
90       0.00      0.00      0.00         6
91       0.50      0.35      0.41        23
93       0.19      0.25      0.21        12
94       0.75      0.79      0.77        48
96       0.00      0.00      0.00         3
97       0.00      0.00      0.00         7
99       0.67      0.64      0.65        74
100       1.00      1.00      1.00         1
101       1.00      0.09      0.17        11
102       0.71      0.62      0.67         8

accuracy                           0.71      3326
macro avg       0.43      0.39      0.40      3326
weighted avg       0.71      0.71      0.70      3326
